21245
22454
22521
23619
24136
24275
24583
24666
24933
25725
26062
26351
26368
26489
26503
26512
26617
27237
27270
27502
27583
27842
28834
28959
29066
29239
29520
29544
29760
29780
29856
29879
29911
29933
29992
30184
30377
30890
30940
31062
31066
31171
31303
31337
31339
31749
31793
31821
31882
31954
32121
32212
32377
32518
32630
32732
32737
32839
32973
33037
33059
33060
33097
33147
33233
33444
33538
33580
33772
33841
33900
33946
34157
34185
34214
34386
34601
34711
34718
34797
34862
34999
35168
35278
35311
35396
35499
35594
35629
35763
35807
35864
35941
35995
36194
36242
36267
36290
36343
36404
36593
36622
36726
36826
36920
37309
37334
37359
37361
37369
37508
37589
37600
37807
37859
38049
38070
38368
38463
38512
38561
38638
38736
38849
39106
39187
39325
39500
39607
39757
40042
40083
40091
40377
40406
40433
40550
40566
40586
40663
40673
40757
40768
40819
40828
40964
40975
41091
41142
41237
41265
41572
41655
41799
41876
42023
42056
42064
42088
42127
42128
42176
42430
42448
42477
42481
42781
42802
43076
43183
43243
43248
43426
43664
43872
43916
44157
44253
44347
44407
44538
44607
44619
44622
44854
45202
45205
45292
45370
45424
45426
45502
45519
45566
45573
45596
45621
45635
45715
45757
45772
45975
46022
46047
46072
46078
46106
46122
46153
46276
46327
46397
46408
46462
46489
46616
46751
46779
46803
46821
46961
47012
47037
47066
47085
47132
47133
47180
47321
47381
47434
47492
47512
47711
47752
47804
48030
48067
48083
48099
48176
48231
48252
48324
48549
48594
48598
48702
48705
48768
48819
48900
49102
49246
49315
49321
49362
49394
49416
49420
49449
49639
49731
49741
49791
49963
49979
50029
50074
50103
50117
50168
50171
50241
50269
50341
50403
50433
50492
50552
50635
50637
50679
50706
50753
50760
50761
50843
51002
51020
51123
51124
51237
51239
51249
51359
51426
51442
51496
51542
51637
51675
51748
51847
51864
51911
52065
52081
52103
52122
52126
52166
52197
52311
52386
52399
52465
52468
52511
52519
52590
52641
52644
52771
52820
52964
52966
53157
53187
53208
53232
53290
53314
53345
53417
53524
53536
53558
53579
53621
53744
53758
53763
53764
53776
53781
53824
53871
53874
53889
54121
54190
54277
54313
54337
54373
54424
54432
54502
54553
54593
54745
54751
54827
54853
54929
54950
54959
55008
55011
55103
55148
55177
55356
55506
55548
55549
55649
55672
55688
55749
55941
55959
56057
56077
56081
56113
56121
56186
56219
56244
56258
56316
56321
56341
56345
56346
56403
56557
56562
56666
56672
56697
56724
56737
56820
56830
56840
56868
56876
57001
57015
57184
57230
57250
57270
57329
57359
57462
57465
57508
57518
57588
57632
57943
58092
58097
58179
58193
58213
58268
58367
58371
58404
58453
58501
58504
58602
58659
58707
58738
58751
58967
59026
59088
59182
59223
59224
59277
59302
59426
59488
59646
59680
59735
59740
59747
59893
59908
59946
59953
60015
60064
60127
60212
60215
60299
60319
60323
60334
60409
60412
60431
60662
60678
60696
60803
60813
60842
60856
60864
60952
60981
61021
61055
61090
61117
61139
61164
61185
61236
61372
61403
61425
61491
61499
61504
61579
61644
61685
61713
61715
61738
61811
61836
61898
61944
61951
62045
62080
62081
62134
62154
62160
62246
62267
62427
62436
62439
62471
62484
62488
62534
62603
62610
62663
62665
62704
62708
62726
62739
62759
62779
62784
62814
62820
62873
62929
62999
63013
63095
63216
63267
63286
63299
63416
63478
63527
63559
63585
63588
63637
63834
63852
63859
63999
64031
64108
64295
64343
64366
64396
64418
64477
64502
64534
64548
64586
64640
64732
64770
64775
64871
64894
65011
65050
65065
65085
65116
65136
65141
65258
65265
65269
65279
65284
65293
65294
65296
65329
65331
65355
65363
65391
65416
65460
65645
65694
65730
65790
65795
65807
65919
65957
66077
66125
66171
66197
66236
66318
66446
66521
66542
66590
66605
66704
66730
66782
66796
66838
66844
66939
66998
67089
67141
67247
67315
67317
67340
67398
67420
67435
67550
67626
67652
67705
67714
67737
67738
67767
67779
67785
67807
67858
67905
68021
68081
68117
68216
68229
68314
68320
68348
68410
68414
68428
68433
68472
68478
68534
68653
68696
68733
68754
68813
68827
68872
68882
68883
68884
68917
68922
68957
69026
69086
69130
69204
69229
69284
69297
69304
69344
69367
69465
69558
69675
69724
69745
69753
69810
69812
69830
69856
69892
69959
69978
70018
70046
70108
70217
70239
70273
70301
70326
70362
70396
70410
70472
70475
70503
70522
70542
70571
70586
70605
70680
70713
70794
70884
70894
70934
71090
71121
71139
71158
71166
71175
71265
71280
71302
71315
71393
71401
71409
71432
71442
71453
71557
71573
71598
71671
71697
71706
71716
71721
71777
71815
71837
71838
71852
71861
71993
72004
72043
72063
72079
72086
72104
72129
72170
72196
72240
72246
72293
72303
72326
72371
72421
72433
72463
72543
72565
72569
72581
72593
72676
72705
72764
72765
72833
72852
72897
72962
73012
73097
73111
73123
73185
73200
73209
73274
73329
73363
73372
73390
73412
73440
73613
73627
73638
73657
73666
73667
73683
73685
73704
73711
73775
73815
73845
73874
73888
73891
73945
73951
73952
73976
73987
74004
74113
74204
74229
74291
74304
74338
74351
74476
74549
74568
74574
74600
74616
74640
74663
74664
74732
74741
74760
74763
74765
74775
74783
74877
74881
74931
75032
75045
75075
75137
75159
75161
75283
75402
75431
75459
75482
75501
75515
75535
75549
75557
75580
75602
75625
75646
75694
75717
75794
75819
75849
75931
75986
76015
76045
76072
76131
76195
76199
76219
76231
76421
76426
76429
76431
76453
76497
76517
76587
76594
76620
76651
76671
76672
76711
76788
76795
76860
76922
77002
77015
77080
77156
77163
77173
77194
77208
77240
77253
77282
77319
77334
77343
77350
77408
77438
77440
77595
77699
77817
77861
77907
77977
77997
78057
78067
78096
78132
78198
78204
78223
78300
78308
78313
78336
78362
78501
78522
78700
78730
78756
78760
78796
78802
78874
78958
79008
79061
79069
79141
79176
79217
79300
79349
79466
79543
79745
79758
79828
79857
79858
79876
79950
79999
80025
80090
80149
80199
80204
80264
80326
80406
80425
80427
80475
80520
80565
80642
80684
80686
80687
80709
80713
80736
80742
80758
80797
80817
80884
80957
80983
81031
81047
81070
81093
81108
81154
81169
81206
81250
81269
81294
81415
81425
81430
81471
81480
81494
81552
81598
81600
81611
81629
81761
81767
81791
81805
81831
81904
81946
81991
81998
82059
82066
82079
82140
82153
82160
82190
82334
82347
82348
82353
82393
82438
82457
82490
82504
82514
82522
82538
82587
82620
82633
82726
82744
82754
82780
82783
82789
82791
82852
82858
82911
82968
82984
83013
83070
83101
83157
83170
83188
83199
83248
83255
83268
83291
83292
83294
83302
83351
83353
83400
83420
83421
83525
83536
83559
83621
83626
83723
83767
83812
83819
83825
83905
83994
84046
84067
84068
84075
84106
84117
84132
84144
84198
84230
84326
84362
84365
84413
84429
84437
84439
84523
84539
84549
84584
84611
84625
84637
84653
84655
84658
84687
84689
84699
84734
84792
84816
84877
84909
84930
85048
85112
85146
85204
85257
85259
85298
85321
85365
85368
85370
85394
85441
85446
85457
85496
85538
85577
85604
85628
85751
85771
85774
85775
85795
85828
85897
85905
85910
85922
86058
86087
86227
86266
86285
86302
86374
86393
86464
86473
86480
86545
86616
86633
86648
86650
86663
86688
86703
86727
86731
86737
86781
86787
86806
86889
86910
87009
87079
87101
87168
87261
87271
87307
87490
87514
87533
87539
87584
87599
87673
87767
87814
87823
87840
87901
87923
88016
88023
88030
88042
88055
88056
88091
88107
88196
88204
88272
88307
88402
88504
88606
88620
88641
88657
88680
88733
88739
88743
88761
88825
88885
88911
88928
88934
89069
89074
89201
89238
89272
89289
89380
89386
89418
89426
89441
89489
89494
89518
89526
89568
89628
89629
89632
89639
89741
89784
89827
89835
89844
89847
89849
89850
89859
89885
89894
89903
89938
89968
89985
89990
90000
90037
90074
90075
90257
90339
90373
90480
90493
90502
90558
90704
90726
90754
90781
90784
90802
90829
90856
90923
90940
90984
91052
91068
91083
91171
91173
91210
91250
91257
91289
91406
91416
91433
91467
91470
91486
91518
91777
91786
91890
91902
91909
91910
92001
92037
92079
92080
92097
92139
92179
92184
92216
92236
92303
92338
92358
92442
92452
92469
92480
92492
92527
92538
92542
92602
92612
92622
92653
92661
92735
92747
92917
92924
92962
93007
93024
93041
93104
93175
93212
93257
93316
93420
93441
93448
93490
93506
93526
93569
93585
93591
93597
93602
93630
93658
93663
93666
93676
93753
93768
93787
93858
93874
93891
93897
93926
94082
94179
94189
94201
94206
94232
94247
94317
94350
94410
94416
94428
94478
94502
94526
94556
94600
94628
94693
94775
94781
94808
94869
94943
94967
94986
94988
95015
95055
95193
95204
95291
95383
95409
95487
95492
95553
95570
95584
95593
95625
95647
95682
95700
95704
95737
95748
95759
95822
95856
95905
95909
95913
95936
96030
96068
96167
96226
96429
96448
96456
96585
96603
96724
96729
96730
96732
96774
96841
96865
96871
96880
96922
97006
97015
97062
97137
97205
97223
97231
97280
97295
97348
97354
97358
97411
97421
97593
97597
97637
97669
97718
97734
97767
97768
97779
97800
97804
97820
97836
97909
97934
97987
98084
98086
98100
98110
98117
98149
98192
98232
98255
98271
98291
98340
98477
98517
98540
98562
98655
98725
98750
98792
98853
98915
98934
99000
99015
99073
99103
99104
99169
99177
99179
99190
99213
99259
99261
99290
99515
99524
99552
99556
99562
99609
99752
99837
99862
99894
99927
