00015
00043
00149
00222
00335
00370
00410
00466
00478
00531
00561
00567
00613
00653
00659
00688
00706
00709
00826
00834
00861
01072
01176
01221
01252
01292
01339
01348
01365
01385
01584
01596
01605
01743
01816
01907
01917
01981
02023
02065
02105
02188
02200
02215
02219
02230
02258
02307
02322
02343
02388
02432
02436
02449
02491
02609
02614
02640
02648
02674
02685
02758
02768
02882
02888
02889
02892
03093
03097
03108
03138
03174
03179
03224
03266
03275
03297
03333
03389
03394
03402
03425
03472
03495
03535
03579
03581
03595
03625
03630
03683
03726
03742
03827
03847
03897
03954
03955
03957
04001
04005
04043
04068
04069
04133
04238
04261
04268
04284
04296
04345
04466
04568
04571
04580
04582
04584
04655
04677
04690
04712
04715
04782
04794
04808
04810
04860
04883
04926
04929
04973
05007
05065
05279
05315
05335
05461
05469
05589
05590
05604
05648
05655
05683
05692
05704
05741
05787
05818
05935
05945
05972
06091
06209
06308
06321
06350
06360
06370
06449
06470
06483
06487
06496
06519
06520
06538
06559
06565
06607
06618
06621
06645
06674
06730
06743
06759
06766
06773
06776
06795
06797
06823
06850
06891
06979
07010
07066
07133
07151
07184
07188
07197
07211
07272
07296
07303
07315
07332
07333
07384
07397
07407
07428
07445
07487
07634
07642
07669
07683
07760
07781
07802
07812
07854
07958
07970
07974
08060
08094
08113
08142
08212
08350
08421
08428
08431
08433
08496
08499
08525
08527
08542
08557
08734
08769
08812
08832
08858
08875
08882
08937
08950
09090
09123
09205
09207
09234
09247
09256
09303
09521
09632
09715
09721
09781
09783
09802
09895
09903
09949
09957
09977
10002
10041
10103
10123
10135
10207
10247
10268
10358
10404
10415
10424
10448
10451
10476
10516
10527
10548
10574
10616
10629
10674
10714
10742
10784
10800
10838
10854
10899
10901
10988
11036
11051
11081
11098
11117
11139
11197
11315
11360
11472
11476
11550
11565
11631
11635
11636
11646
11673
11688
11774
11805
11836
11856
11859
12084
12114
12195
12208
12229
12278
12311
12340
12375
12408
12414
12434
12467
12469
12548
12579
12675
12701
12721
12772
12842
12984
13033
13055
13056
13064
13161
13256
13277
13312
13330
13399
13422
13530
13564
13576
13636
13692
13694
13771
13779
13832
13940
13965
13998
14018
14043
14058
14070
14194
14210
14352
14378
14388
14409
14429
14496
14500
14521
14545
14595
14657
14691
14777
14847
14859
14877
14930
14943
14980
15010
15289
15293
15315
15322
15420
15467
15537
15763
15771
15777
15794
15807
15811
15828
15964
16156
16200
16277
16313
16349
16391
16422
16445
16460
16494
16611
16735
16788
16811
16855
16877
16887
16907
16921
17081
17140
17167
17174
17225
17278
17368
17369
17382
17453
17461
17557
17609
17624
17683
17711
17718
17734
17829
17852
17949
18098
18115
18173
18177
18267
18319
18526
18588
18611
18662
18667
18713
18770
18774
18782
18785
18827
18898
18947
19006
19166
19206
19282
19384
19544
19579
19660
19682
19716
19733
19762
19811
19817
19822
19907
20064
20237
20268
20311
20336
20417
20442
20444
20566
20657
20693
20834
20837
20875
20889
20907
21014
21046
21054
21058
21100
21128
21146
21169
21172
21240
21355
21419
21437
21489
21495
21503
21597
21612
21645
21659
21675
21731
21779
21810
21935
21996
22038
22078
22128
22171
22211
22222
22233
22359
22389
22408
22515
22543
22593
22650
22704
22893
22942
23001
23037
23149
23298
23317
23626
23635
23762
23812
23827
23927
24069
24165
24192
24207
24323
24429
24468
24489
24542
24593
24667
24875
24995
25128
25190
25541
25604
25636
25640
25697
25808
25905
26127
26143
26231
26235
26279
26324
26329
26380
26388
26421
26468
26551
26609
26617
26723
26777
26808
26821
26930
26945
26951
26955
27016
27026
27144
27253
27345
27422
27448
27456
27474
27561
27674
27740
27745
27874
28065
28269
28421
28533
28536
28539
28548
28585
28728
28791
28804
28832
29022
29259
29289
29313
29345
29393
29550
29602
29706
29770
29801
29808
29896
30010
30092
30126
30145
30238
30297
30332
30397
30523
30540
30648
30665
30689
30694
30712
30738
30779
31156
31387
31394
31410
31462
31533
31586
31699
31770
31845
31940
31945
31946
32006
32016
32054
32186
32255
32336
32390
32438
32451
32485
32543
32589
32619
32832
32937
33020
33186
33196
33217
33220
33342
33351
33375
33437
33534
33579
33802
33864
33951
33954
33959
34003
34024
34273
34285
34383
34395
34426
34439
34533
34594
34609
34630
34648
34711
34805
34834
34915
34927
34956
35024
35043
35178
35266
35301
35342
35374
35437
35500
35531
35556
35572
35617
35619
35723
35750
35798
35847
35921
35926
35947
35991
36024
36041
36111
36124
36172
36182
36193
36310
36397
36433
36461
36518
36530
36600
36654
36671
36673
36695
36723
36730
36740
36789
36820
36999
37004
37199
37203
37257
37300
37334
37372
37406
37416
37478
37594
37630
37728
37737
37750
37755
37838
37851
37853
37890
37945
38002
38038
38064
38110
38163
38166
38229
38338
38386
38474
38654
38699
38728
38749
38756
38804
38904
38932
38944
38965
39039
39166
39203
39251
39253
39374
39401
39433
39441
39450
39501
39524
39544
39605
39643
39705
39746
39799
39933
39963
39992
40041
40084
40162
40203
40217
40261
40295
40380
40414
40475
40555
40630
40677
40833
41002
41039
41106
41159
41180
41449
41483
41563
41667
41714
41715
41745
41758
41779
41829
41851
41898
41974
42012
42018
42096
42138
42139
42157
42188
42302
42315
42379
42435
42487
42549
42596
42621
42666
42689
42695
42731
42762
42879
42995
43003
43013
43068
43070
43222
43398
43447
43461
43508
43638
43674
43682
43826
43850
43870
43908
43922
43972
44008
44251
44357
44437
44456
44460
44499
44514
44561
44580
44667
44712
44747
44824
44836
44843
44956
44959
45001
45065
45093
45178
45233
45290
45303
45379
45387
45474
45487
45557
45559
45622
45637
45705
45729
45756
45781
45803
45810
45914
45970
45978
45982
46002
46008
46021
46034
46144
46146
46159
46161
46166
46202
46215
46229
46230
46302
46308
46338
46342
46349
46403
46448
46449
46515
46528
46571
46743
46763
46963
46993
47003
47015
47091
47124
47174
47189
47194
47378
47383
47470
47497
47574
47635
47645
47676
47685
47789
47821
47890
47952
47961
48032
48106
48155
48219
48234
48254
48289
48394
48429
48521
48545
48605
48647
48722
48886
48925
48973
48981
49024
49125
49199
49233
49247
49308
49311
49315
49344
49467
49524
49676
49722
49739
49840
49850
49898
49922
49966
50102
50118
50126
50153
50263
50306
50366
50368
50580
50674
50678
50742
50776
50782
50870
50907
50987
50998
51039
51134
51164
51225
51246
51324
51333
51371
51380
51467
51502
51568
51653
52056
52074
52103
52111
52171
52196
52233
52355
52378
52406
52440
52475
52476
52592
52730
52736
52831
52863
52869
53002
53025
53162
53219
53257
53326
53515
53593
53640
53643
53685
53686
53698
53829
53969
54054
54069
54192
54238
54320
54423
54473
54485
54570
54609
54731
54755
54784
54853
54859
54860
54875
54931
54976
55009
55166
55172
55177
55240
55251
55260
55400
55539
55637
55660
55694
55735
55815
55863
55864
55940
55972
56057
56072
56130
56357
56364
56431
56540
56600
56621
56624
56673
56817
56862
56883
56925
57026
57148
57192
57260
57347
57438
57461
57483
57559
57566
57582
57643
57700
57727
57852
57950
57986
58065
58080
58171
58213
58215
58273
58303
58341
58410
58449
58500
58507
58542
58712
58722
58739
58842
58852
58958
58965
58976
59036
59151
59188
59291
59307
59311
59312
59343
59355
59415
59444
59493
59679
59729
59754
59803
59883
59938
59939
59962
60027
60075
60140
60235
60284
60413
60589
60593
60636
60652
60662
60717
60801
60947
60990
61019
61109
61162
61194
61347
61407
61416
61516
61754
61779
61789
61804
62098
62237
62251
62289
62355
62366
62449
62461
62469
62497
62557
62606
62689
62747
62859
62875
62949
63008
63014
63046
63191
63221
63320
63353
63403
63597
63800
63880
63889
63922
63935
63957
64044
64058
64103
64112
64115
64138
64164
64179
64207
64258
64302
64325
64346
64521
64546
64547
64581
64745
64770
64806
64903
64992
65055
65072
65102
65136
65393
65399
65483
65587
65590
65631
65634
65713
65717
65721
65757
65814
66025
66052
66088
66374
66468
66618
66727
66772
66903
66976
66988
66994
67033
67101
67103
67238
67253
67341
67581
67653
67664
67690
67918
68012
68019
68053
68111
68122
68248
68269
68284
68307
68417
68460
68530
68546
68683
68724
68834
68977
68987
69015
69055
69078
69180
69216
69232
69236
69265
69306
69344
69363
69396
69438
69514
69521
69535
69559
69585
69591
69592
69605
69618
69867
69874
69879
69893
69896
70046
70095
70104
70140
70176
70260
70310
70334
70444
70464
70491
70565
70635
70658
70714
70736
70773
70778
70984
71106
71157
71189
71197
71230
71295
71300
71315
71334
71355
71655
71768
71821
71917
72025
72045
72062
72167
72216
72222
72345
72368
72471
72536
72541
72569
72609
72670
72697
72772
72877
72921
72934
72964
72976
72989
72997
73103
73122
73268
73269
73299
73462
73726
73850
73907
73936
73937
73981
73986
73987
74018
74176
74384
74828
74915
74921
74959
75006
75184
75219
75303
75316
75368
75440
75488
75529
75645
75684
75753
75887
75920
75953
75999
76142
76227
76277
76278
76307
76356
76503
76544
76566
76676
76706
76841
76842
76883
76886
76987
76990
77038
77067
77075
77107
77153
77419
77477
77494
77617
77641
77739
77782
77930
77992
77999
78022
78080
78184
78191
78318
78338
78460
78564
78595
78655
78662
78725
78845
78917
78944
78952
78995
79059
79061
79154
79375
79411
79482
79574
79599
79671
79707
79762
79772
79841
80025
80188
80266
80267
80281
80312
80411
80482
80577
80771
80852
80870
80924
81436
81570
81720
81728
81761
81812
81941
81980
82065
82085
82142
82160
82302
82333
82480
82597
82712
82806
82904
82967
83064
83162
83221
83224
83226
83289
83350
83364
83382
83422
83427
83482
83522
83540
83613
83631
83765
83944
83991
84091
84107
84116
84231
84276
84286
84389
84461
84522
84642
84824
84880
84959
85015
85108
85120
85151
85228
85393
85430
85445
85475
85561
85727
85801
85848
85871
85931
86038
86039
86107
86151
86168
86208
86354
86402
86524
86597
86615
86627
86675
86803
86812
86827
86841
86870
86968
87064
87238
87317
87376
87495
87601
87630
87657
87666
87802
87819
87856
87900
88053
88069
88076
88111
88189
88195
88286
88370
88426
88428
88507
88524
88564
88571
88809
88825
89010
89115
89309
89324
89390
89473
89563
89623
89736
89860
89997
90012
90328
90406
90422
90481
90520
90615
90692
90978
90987
91076
91236
91257
91280
91307
91475
91477
91492
91512
91574
91590
91619
91708
91843
91855
91907
91936
91975
92159
92299
92464
92647
92732
92811
92816
92886
92889
93304
93347
93402
93572
93782
93791
93893
93896
93919
93963
94005
94192
94379
94497
94572
94887
95097
95123
95161
95200
95219
95312
95365
95378
95399
95538
95580
95691
95973
95989
95995
96097
96128
96152
96240
96435
96489
96534
96585
96637
96683
96876
96951
96982
96986
96996
97167
97238
97345
97568
97635
97886
98032
98132
98276
98291
98329
98354
98417
98428
98654
98776
98879
99017
99034
99050
99075
99087
99200
99484
99489
99683
99807
99835
99956
