00080
00150
00200
00337
00402
00549
00669
00685
00805
00850
00910
00942
01027
01053
01470
01484
01835
01892
01932
02050
02075
02077
02126
02210
02214
02545
02685
02704
02713
02762
02909
03093
03221
03412
03441
03545
03701
03766
03772
03936
04153
04211
04346
04357
04372
04556
04636
04878
05005
05027
05124
05279
05342
05478
05549
05552
05711
05726
05764
05776
05779
05781
05785
05883
05941
06025
06031
06067
06196
06222
06252
06475
06839
07051
07126
07150
07335
07355
07371
07386
07402
07439
07540
07550
07555
07619
07675
07888
07939
07969
08005
08203
08482
08532
08567
08683
08779
08868
08974
09098
09138
09202
09204
09318
09589
09709
09995
10032
10077
10086
10210
10473
10674
10675
10768
10824
10868
11041
11146
11189
11200
11365
11393
11409
11701
11785
11798
11894
11941
12056
12150
12270
12319
12334
12376
12438
12517
12597
12701
12763
12834
12951
13122
13341
13352
13399
13414
13611
13646
13664
13719
13783
14032
14060
14123
14150
14186
14315
14412
14531
14645
14724
14772
14832
14889
14976
15010
15038
15070
15134
15283
15370
15414
15423
15649
15808
16330
16334
16415
16420
16698
16886
17002
17033
17142
17160
17167
17220
17296
17351
17353
17609
17634
17659
17732
17891
17919
17923
17992
17994
18126
18154
18197
18314
18479
18538
18587
18590
18615
18700
18734
18766
18777
18831
18905
18951
18977
19017
19225
19442
19499
19511
19582
19823
19890
20012
20016
20030
20141
20215
20240
20395
20492
20519
20619
20635
20697
20842
20860
20892
20912
20989
21012
21047
21074
21113
21206
21416
21471
21539
21541
21582
21584
21604
21645
21791
21817
21831
21851
21887
21930
22095
22183
22188
22249
22276
22334
22432
22437
22441
22485
22567
22592
22601
22759
22869
23052
23293
23300
23410
23555
23727
23758
23762
23857
23863
23881
23936
24037
24042
24140
24250
24445
24549
24563
24583
24617
24621
24713
24981
24982
25105
25113
25244
25348
25725
25811
25817
26089
26193
26228
26330
26391
26421
26425
26463
26497
26528
26556
26656
26699
26798
26848
26857
26984
27090
27123
27177
27238
27241
27276
27334
27337
27365
27366
27387
27435
27560
27692
27727
27794
27813
27928
27936
27947
28142
28235
28292
28324
28448
28592
28707
28762
28927
28954
28967
28977
29047
29114
29167
29320
29493
29557
29561
29578
29742
29765
29798
29908
29943
29986
30013
30075
30214
30215
30307
30312
30363
30398
30402
30546
30563
30638
30778
30857
30877
30892
30895
30908
30992
31010
31022
31052
31063
31084
31157
31183
31194
31341
31438
31505
31637
31757
31771
31777
32108
32112
32156
32183
32321
32328
32364
32392
32432
32443
32545
32571
32578
32640
32643
32656
32705
32723
32823
32836
32868
32982
32987
33049
33089
33112
33121
33131
33141
33210
33279
33353
33466
33477
33480
33506
33598
33670
33739
33748
33838
33860
33877
34069
34131
34251
34298
34300
34333
34369
34372
34591
34629
34674
34714
34731
34770
34810
34894
34984
35004
35257
35436
35609
35712
35717
35782
35842
35856
35955
36104
36135
36218
36255
36263
36337
36487
36581
36648
36728
36744
36818
36833
37020
37050
37101
37112
37146
37257
37266
37398
37455
37538
37826
37904
37918
37945
37966
38001
38032
38088
38188
38232
38247
38280
38283
38300
38306
38342
38379
38431
38448
38496
38508
38710
38738
38814
38833
38876
38953
38981
39008
39067
39075
39167
39301
39324
39427
39432
39447
39463
39551
39560
39675
39702
39783
39786
39787
39814
40016
40084
40144
40150
40161
40202
40219
40231
40301
40473
40496
40536
40553
40621
40627
40642
40678
40708
40731
40742
40817
40840
40850
40913
40916
41005
41007
41085
41109
41211
41418
41541
41616
41761
41786
41797
42168
42200
42207
42342
42363
42391
42399
42425
42526
42647
42649
42693
42703
42753
42764
42778
42809
42816
42981
42991
43025
43032
43046
43076
43087
43245
43247
43250
43259
43268
43391
43465
43505
43542
43549
43673
43720
43727
43804
43968
43985
44112
44120
44149
44161
44270
44288
44393
44417
44465
44485
44589
44593
44862
44916
44952
45033
45036
45055
45132
45180
45190
45218
45264
45301
45396
45437
45439
45483
45484
45486
45513
45564
45607
45620
45628
45632
45648
45679
45754
45782
45928
45945
45994
46014
46019
46073
46099
46179
46228
46293
46348
46503
46523
46542
46615
46653
46721
46728
46729
46792
46811
46845
46923
46984
46986
46990
46998
47048
47065
47066
47108
47129
47161
47260
47345
47458
47477
47506
47523
47536
47551
47606
47684
47769
47873
47882
47899
47904
47934
47993
48123
48150
48151
48153
48258
48282
48285
48290
48296
48349
48384
48406
48435
48436
48491
48551
48711
48759
48909
48922
48937
48966
49010
49014
49077
49107
49255
49314
49326
49336
49382
49390
49420
49443
49516
49707
49737
49751
49761
50009
50037
50047
50057
50069
50076
50077
50091
50107
50121
50186
50210
50252
50316
50469
50484
50499
50504
50535
50623
50647
50721
50744
50784
50842
50849
50873
50917
50969
51268
51269
51312
51349
51438
51474
51476
51580
51677
51682
51792
51798
51815
51930
51951
52008
52011
52021
52036
52223
52260
52264
52283
52374
52436
52441
52458
52470
52588
52625
52640
52648
52716
52803
52847
52902
53108
53195
53234
53317
53323
53325
53343
53392
53407
53411
53434
53437
53448
53483
53543
53547
53609
53642
53661
53681
53683
53701
53703
53800
53836
53897
53976
53999
54028
54131
54200
54201
54211
54247
54258
54264
54365
54369
54416
54547
54604
54641
54664
54702
54707
54708
54795
54810
54841
54844
54845
54863
54870
54965
55092
55107
55124
55138
55192
55358
55409
55435
55454
55564
55672
55678
55797
55807
55810
55888
55891
55934
55975
55984
56012
56035
56060
56081
56089
56100
56104
56126
56182
56201
56219
56243
56348
56438
56471
56548
56556
56562
56573
56578
56601
56648
56704
56737
56778
56806
56897
56913
56916
56997
57016
57092
57118
57131
57169
57179
57184
57252
57268
57278
57301
57380
57423
57467
57471
57472
57496
57547
57556
57594
57663
57773
57810
57822
58033
58068
58149
58180
58187
58318
58364
58396
58431
58456
58504
58515
58519
58540
58564
58602
58613
58655
58683
58687
58929
58931
58977
58979
59041
59057
59079
59101
59108
59129
59143
59149
59184
59236
59242
59364
59371
59377
59433
59542
59565
59574
59581
59587
59715
59834
59870
59897
59945
59950
59969
60047
60083
60186
60228
60246
60254
60359
60435
60447
60506
60607
60719
60787
60799
60856
60858
60889
60934
61024
61026
61095
61113
61194
61246
61260
61264
61317
61339
61404
61408
61450
61458
61509
61545
61574
61576
61695
61777
61778
61857
61875
61991
62057
62076
62125
62181
62235
62310
62329
62405
62504
62550
62552
62561
62579
62786
62813
62839
62882
62970
62996
63046
63197
63234
63329
63335
63339
63361
63365
63439
63443
63509
63557
63588
63635
63639
63650
63657
63674
63707
63761
63789
63842
63889
64006
64039
64043
64055
64070
64105
64172
64218
64424
64426
64450
64463
64604
64662
64678
64729
64747
64753
64778
64799
64818
64846
64858
64875
65056
65060
65143
65202
65210
65216
65252
65287
65293
65301
65335
65408
65451
65667
65697
65699
65736
65841
65885
66029
66041
66042
66048
66070
66105
66147
66158
66196
66267
66342
66352
66442
66464
66465
66523
66540
66542
66584
66648
66652
66653
66684
66822
66836
66884
66904
66962
66994
66995
66999
67021
67065
67154
67243
67296
67475
67487
67531
67558
67566
67576
67577
67616
67626
67628
67667
67680
67694
67817
67841
67897
67903
67904
67930
68007
68130
68143
68268
68297
68337
68355
68398
68416
68420
68483
68515
68547
68655
68666
68687
68694
68720
68722
68840
68842
68891
68925
68935
69198
69204
69243
69251
69307
69333
69368
69434
69459
69546
69674
69762
69817
69836
69839
69860
69919
69936
69983
70135
70145
70274
70315
70375
70435
70474
70527
70603
70664
70721
70729
70768
70774
70789
70923
70941
70968
70974
70988
71018
71050
71058
71218
71239
71260
71288
71295
71362
71387
71436
71447
71519
71698
71716
71735
71754
71774
71784
71842
71849
71919
71923
72002
72026
72076
72079
72191
72213
72216
72271
72313
72401
72403
72474
72516
72517
72531
72562
72656
72671
72693
72709
72757
72802
72805
72972
73073
73150
73154
73267
73268
73301
73324
73327
73330
73353
73394
73411
73425
73461
73501
73509
73523
73554
73636
73677
73686
73726
73822
73864
73893
73894
73903
73992
74021
74034
74068
74087
74125
74173
74242
74294
74315
74542
74602
74632
74676
74713
74725
74758
74778
74985
75034
75042
75063
75188
75212
75275
75328
75331
75452
75474
75534
75540
75587
75591
75593
75598
75606
75654
75669
75687
75718
75759
75795
75874
75982
75993
76009
76055
76123
76127
76128
76147
76162
76169
76197
76249
76355
76391
76419
76427
76556
76680
76736
76790
76826
76829
76831
76852
76865
76899
76942
77021
77035
77043
77069
77129
77164
77225
77278
77299
77310
77319
77337
77379
77381
77387
77415
77435
77446
77448
77614
77622
77668
77675
77720
77722
77726
77737
77832
77844
77854
77858
77860
77900
77912
77917
78021
78034
78055
78081
78112
78148
78171
78287
78302
78350
78355
78369
78378
78424
78428
78443
78455
78484
78487
78533
78601
78690
78768
78802
78846
78899
78928
78954
78961
78963
79022
79047
79053
79063
79069
79101
79113
79131
79144
79171
79240
79300
79322
79361
79432
79453
79473
79481
79496
79694
79723
79735
79738
79809
79895
79919
79946
79966
80047
80146
80211
80234
80235
80251
80321
80381
80575
80586
80677
80688
80693
80816
80826
80878
80932
80953
80992
81041
81173
81182
81195
81267
81360
81405
81449
81458
81574
81586
81601
81690
81763
81807
81825
81836
81854
81919
81947
81989
82245
82254
82265
82301
82368
82369
82377
82417
82484
82554
82678
82775
82782
82794
82815
82831
82839
82874
82879
82958
83064
83083
83088
83138
83158
83167
83222
83263
83362
83399
83453
83470
83482
83500
83524
83560
83585
83621
83648
83676
83698
83702
83768
83824
83892
83902
83912
83952
83978
83999
84038
84077
84087
84210
84214
84232
84240
84269
84279
84292
84329
84389
84398
84506
84544
84575
84631
84666
84695
84723
84755
84776
84798
84846
84867
84889
84894
84955
85038
85041
85069
85100
85144
85184
85200
85291
85544
85593
85637
85658
85665
85725
85833
85834
85923
85938
85979
86006
86014
86015
86038
86064
86088
86095
86119
86163
86207
86297
86368
86457
86532
86543
86585
86598
86637
86662
86732
86768
86773
86783
86790
86807
86898
86906
86917
86927
86961
86973
86993
87051
87126
87134
87169
87384
87400
87427
87455
87462
87472
87481
87602
87679
87718
87773
87781
87794
87797
87819
87872
87909
87934
87942
87956
87969
87975
87979
87994
88000
88183
88203
88219
88223
88239
88402
88487
88496
88529
88572
88614
88677
88687
88771
88773
88819
88897
88982
89104
89229
89273
89366
89394
89413
89420
89427
89456
89482
89504
89611
89651
89822
89857
90014
90033
90074
90096
90218
90220
90233
90316
90383
90396
90531
90572
90581
90608
90651
90666
90700
90714
90720
90757
90787
90809
90855
90860
90882
90958
91029
91062
91064
91114
91141
91143
91153
91174
91187
91345
91480
91497
91534
91611
91616
91671
91679
91938
91957
91988
92032
92089
92125
92142
92152
92217
92228
92267
92345
92455
92457
92458
92509
92534
92655
93022
93037
93098
93184
93241
93252
93286
93293
93318
93383
93444
93479
93481
93485
93508
93575
93584
93600
93615
93646
93692
93756
93816
93825
93840
93859
94029
94104
94147
94179
94249
94274
94298
94302
94321
94350
94380
94382
94453
94467
94482
94506
94563
94607
94631
94634
94651
94658
94679
94739
94906
94936
94983
95042
95061
95111
95165
95169
95474
95551
95584
95722
95782
95829
95866
95936
95943
95953
95977
95998
96084
96114
96344
96435
96482
96583
96584
96593
96601
96617
96644
96740
96752
96753
96767
96826
96914
97075
97105
97108
97162
97373
97402
97446
97480
97491
97536
97682
97731
97860
97887
97931
98036
98102
98182
98195
98207
98307
98311
98345
98499
98609
98637
98674
98767
98809
98907
98923
98942
99045
99060
99162
99173
99352
99471
99551
99594
99619
99640
99681
99745
99749
99756
99763
99827
