00022
00095
00124
00258
00287
00291
00336
00358
00418
00433
00567
00606
00667
00781
00814
00890
00921
00961
01126
01163
01282
01359
01367
01405
01417
01429
01597
01618
01619
01699
01802
01831
01884
01891
02005
02023
02029
02110
02123
02233
02247
02299
02373
02382
02407
02475
02490
02494
02495
02533
02593
02601
02641
02836
02950
03246
03326
03360
03419
03446
03513
03514
03555
03607
03621
03676
03717
03778
03814
03858
03884
04084
04133
04197
04199
04214
04244
04264
04281
04307
04322
04421
04547
04622
04752
04783
04877
04889
04950
04996
05026
05036
05046
05113
05115
05143
05299
05318
05427
05480
05515
05536
05567
05569
05570
05682
05711
05759
05825
05892
05950
05983
06009
06063
06115
06126
06166
06210
06230
06238
06245
06494
06529
06544
06566
06638
06771
06839
06878
06909
06960
06969
07020
07063
07126
07180
07187
07248
07276
07278
07281
07404
07449
07478
07499
07579
07643
07649
07695
07713
07772
07774
07812
07872
07912
08013
08030
08121
08189
08202
08204
08413
08418
08634
08697
08888
08917
08954
08958
08964
09098
09146
09195
09222
09226
09267
09271
09275
09563
09673
09730
09770
09812
09864
09867
09946
09954
10006
10114
10218
10242
10259
10295
10352
10481
10487
10584
10764
10862
10892
10901
11012
11015
11032
11059
11093
11121
11202
11316
11387
11432
11571
11599
11644
11645
11745
11819
11826
11829
11840
11846
11873
11891
11945
12009
12089
12115
12128
12192
12343
12367
12502
12524
12676
12716
12723
12774
12815
12866
12955
12964
13012
13035
13248
13305
13328
13405
13505
13529
13534
13541
13545
13637
13689
13715
13751
13802
13865
13932
13940
14086
14150
14234
14648
14740
14764
14772
14773
14774
14802
14822
14837
15104
15110
15172
15183
15256
15300
15333
15414
15433
15464
15558
15590
15703
15774
15775
15789
15803
15827
15871
15908
15915
15986
16002
16014
16108
16187
16193
16208
16246
16311
16350
16371
16415
16457
16478
16507
16531
16538
16629
16728
16920
16981
16987
16990
17045
17095
17125
17144
17149
17189
17190
17216
17238
17240
17245
17264
17312
17328
17392
17501
17564
17634
17648
17670
17731
17789
17814
17830
17840
17966
18015
18055
18096
18103
18160
18173
18200
18217
18225
18235
18263
18286
18296
18382
18397
18418
18450
18497
18561
18627
18665
18716
18759
18781
18919
18961
18972
19027
19079
19083
19161
19185
19227
19249
19283
19364
19374
19573
19646
19680
19689
19746
19803
19961
20000
20008
20015
20123
20134
20172
20175
20247
20324
20388
20433
20467
20533
20539
20656
20685
20734
20757
20793
20823
20910
20935
20976
21024
21042
21065
21072
21075
21092
21093
21116
21129
21162
21202
21230
21247
21279
21345
21351
21373
21421
21436
21494
21495
21619
21676
21739
21744
21876
21887
21968
22027
22304
22314
22342
22414
22444
22487
22505
22663
22674
22747
22760
22873
22886
22938
22953
22956
23140
23260
23289
23402
23429
23467
23472
23537
23580
23623
23662
23667
23685
23712
23842
23851
23873
23963
23965
24000
24027
24028
24163
24167
24193
24245
24254
24272
24273
24405
24412
24442
24448
24512
24522
24525
24561
24608
24650
24695
24718
24914
24964
24986
25057
25206
25260
25263
25271
25303
25346
25354
25387
25504
25516
25536
25560
25605
25739
25743
25748
25819
26057
26077
26087
26089
26095
26122
26232
26233
26240
26279
26280
26327
26389
26415
26494
26531
26541
26580
26597
26615
26657
26667
26754
26778
26822
26901
26955
26962
27083
27162
27214
27257
27496
27575
27612
27890
27905
28034
28059
28316
28486
28525
28617
28661
28663
28758
28759
28782
28827
28932
28974
29038
29071
29086
29115
29127
29229
29234
29254
29279
29318
29331
29363
29529
29628
29683
29716
29753
29766
29771
29818
29877
29883
29915
29934
29963
30005
30029
30034
30143
30172
30345
30359
30397
30413
30572
30581
30596
30614
30669
30759
30845
30860
30869
30924
31056
31066
31119
31130
31304
31349
31423
31428
31429
31624
31708
31807
31831
31838
31883
31893
31895
31936
31945
31961
32080
32094
32174
32181
32200
32259
32284
32339
32397
32472
32477
32510
32666
32728
32740
32817
32859
32969
33092
33136
33227
33254
33321
33413
33442
33443
33461
33535
33552
33590
33611
33639
33646
33687
33729
33730
33738
33745
33799
33830
33847
33910
33911
33921
34101
34153
34176
34287
34350
34362
34427
34452
34469
34565
34685
34718
34755
34769
34903
34936
34953
35002
35045
35141
35165
35176
35189
35190
35193
35205
35390
35395
35410
35414
35448
35558
35637
35672
35829
35890
35960
36043
36119
36209
36331
36343
36363
36385
36411
36549
36629
36683
36749
36818
36859
36959
36967
36968
36971
37006
37014
37079
37172
37195
37222
37257
37291
37374
37378
37382
37440
37502
37541
37545
37636
37701
37722
37787
37963
37973
38076
38173
38177
38228
38234
38302
38338
38360
38371
38405
38436
38446
38473
38512
38515
38589
38666
38747
38760
38859
38887
38898
38916
38939
38955
39037
39064
39088
39137
39169
39208
39227
39234
39275
39291
39330
39360
39390
39411
39522
39698
39734
39763
39821
39873
39896
40119
40144
40206
40222
40271
40281
40285
40323
40379
40396
40449
40462
40509
40562
40581
40602
40686
40739
40828
40915
40922
40945
41039
41063
41097
41121
41181
41219
41246
41280
41296
41353
41469
41494
41534
41543
41566
41578
41589
41619
41629
41635
41636
41647
41778
41826
41866
41872
41900
42004
42063
42105
42314
42366
42417
42424
42550
42629
42692
42706
42727
42799
42844
42952
43109
43166
43177
43260
43288
43300
43346
43398
43451
43689
43697
43736
43751
43830
43885
43923
43949
43979
44001
44097
44109
44130
44173
44269
44296
44380
44417
44463
44512
44513
44607
44628
44678
44817
44854
44866
45031
45069
45111
45195
45309
45359
45392
45445
45490
45543
45609
45732
45741
45768
45781
45877
45903
45936
45968
46000
46063
46078
46083
46118
46155
46187
46290
46296
46445
46510
46516
46524
46560
46562
46581
46616
46626
46672
46675
46711
46723
46725
46729
46898
46989
47024
47136
47164
47168
47307
47359
47398
47404
47425
47517
47567
47608
47716
47823
47919
47966
48014
48099
48194
48202
48209
48325
48326
48327
48339
48352
48356
48387
48422
48487
48496
48527
48566
48586
48740
48819
48828
48860
48874
48948
49038
49109
49179
49253
49334
49387
49450
49516
49545
49637
49738
49824
49877
49988
49997
50040
50136
50306
50331
50418
50420
50436
50460
50496
50546
50614
50743
50776
50864
50952
50970
51008
51021
51193
51293
51390
51468
51586
51587
51641
51661
51761
51766
51788
51819
51841
51863
51905
51922
51979
52033
52133
52162
52165
52167
52188
52277
52586
52622
52682
52700
52724
52725
52729
52743
52779
52800
52808
52822
52881
52882
52896
52912
52928
52987
52988
53005
53007
53043
53103
53313
53316
53447
53450
53465
53468
53522
53557
53584
53614
53615
53774
53818
53829
53851
53852
53938
54019
54071
54197
54209
54231
54320
54352
54385
54421
54463
54707
54766
54777
54791
54809
54893
54917
54985
54992
55020
55096
55197
55311
55334
55369
55505
55541
55709
55776
55840
55922
55974
56007
56026
56039
56056
56063
56153
56229
56238
56322
56347
56355
56362
56388
56399
56402
56454
56480
56487
56500
56518
56561
56587
56730
56772
56854
56959
56971
57078
57090
57110
57111
57128
57204
57215
57221
57244
57272
57417
57441
57473
57505
57551
57650
57674
57750
57767
57809
57826
57934
57941
57970
57981
57991
58054
58201
58219
58244
58265
58291
58313
58425
58444
58509
58583
58688
58710
58798
58962
59065
59068
59111
59176
59228
59320
59328
59342
59346
59364
59403
59423
59437
59506
59514
59584
59860
59921
59929
59934
59993
59999
60033
60056
60089
60114
60143
60186
60203
60268
60336
60467
60650
60702
60724
60733
60740
60770
60800
60826
60847
60991
61023
61095
61116
61120
61188
61210
61351
61352
61366
61410
61430
61467
61505
61506
61530
61539
61697
61709
61740
61759
61792
61827
61944
62078
62123
62240
62289
62376
62470
62525
62538
62646
62681
62691
62709
62714
62754
62766
62777
62822
62921
62957
63027
63048
63071
63106
63157
63225
63407
63422
63458
63555
63620
63628
63719
63735
64089
64175
64235
64249
64299
64312
64385
64427
64437
64458
64463
64476
64514
64546
64574
64601
64718
64730
64746
64775
64793
64921
64923
64977
64997
65009
65270
65501
65553
65661
65843
65848
65865
65900
66011
66118
66124
66171
66186
66213
66239
66241
66253
66275
66285
66319
66330
66357
66362
66427
66520
66538
66539
66648
66685
66852
66915
66937
66962
66983
66986
67012
67149
67221
67296
67358
67405
67415
67430
67442
67521
67530
67545
67568
67614
67660
67707
67860
67937
67948
67981
67990
68050
68274
68317
68333
68480
68525
68580
68617
68700
68730
68741
68759
68771
68827
68901
68930
68971
69045
69063
69088
69194
69205
69249
69257
69329
69383
69525
69532
69541
69738
69885
69890
69908
70147
70167
70328
70392
70467
70492
70508
70543
70716
70762
70793
71011
71046
71092
71101
71104
71105
71185
71294
71339
71448
71498
71546
71613
71628
71675
71752
71975
71998
72056
72058
72078
72124
72270
72320
72370
72395
72396
72447
72456
72508
72519
72593
72626
72710
72755
72883
72953
72969
73010
73061
73085
73109
73133
73152
73224
73227
73236
73263
73281
73296
73303
73355
73413
73495
73496
73593
73612
73695
73721
73828
73938
74046
74073
74130
74170
74203
74217
74254
74269
74305
74398
74478
74581
74665
74696
74699
74738
74742
74766
74828
74951
75034
75054
75068
75116
75118
75145
75182
75301
75306
75343
75502
75592
75692
75707
75725
75790
75793
75823
75917
75926
75978
76105
76129
76140
76211
76341
76362
76438
76479
76483
76553
76566
76702
76763
76764
76802
76813
76983
77274
77278
77319
77336
77371
77395
77418
77424
77487
77548
77574
77582
77608
77636
77702
77714
77784
77795
77944
77960
78017
78062
78142
78150
78186
78190
78262
78286
78305
78321
78323
78328
78388
78506
78548
78719
78825
78920
78934
78991
79019
79030
79044
79069
79097
79101
79225
79228
79261
79445
79447
79461
79538
79584
79680
79731
79800
79808
80086
80096
80116
80219
80240
80293
80303
80310
80312
80351
80417
80522
80557
80558
80575
80656
80698
80791
80799
80843
80909
80948
80991
80995
81124
81164
81218
81468
81485
81542
81593
81608
81719
81833
81848
81862
81898
81941
81952
82001
82080
82210
82319
82321
82328
82449
82511
82561
82616
82623
82654
82776
82797
82800
82956
83004
83060
83139
83386
83391
83512
83546
83580
83631
83833
84099
84211
84265
84300
84325
84358
84420
84436
84448
84457
84494
84510
84524
84538
84587
84690
84768
84826
84830
84831
84860
84947
84951
84957
84998
85015
85119
85254
85269
85292
85305
85331
85348
85384
85421
85588
85602
85761
85775
85831
85912
85958
85964
85986
85997
86039
86096
86147
86188
86301
86374
86425
86511
86514
86557
86560
86599
86605
86906
86916
86954
87025
87034
87036
87056
87388
87592
87617
87746
87840
87883
87929
88029
88056
88190
88286
88365
88427
88428
88452
88455
88486
88494
88517
88677
88702
88738
88753
88891
88903
88949
88983
89009
89014
89075
89132
89182
89247
89249
89327
89357
89437
89525
89798
89829
89877
90049
90164
90171
90199
90215
90223
90300
90406
90487
90500
90606
90609
90631
90739
90775
90810
90837
90928
90938
90969
91057
91088
91105
91139
91178
91210
91278
91315
91395
91496
91499
91630
91688
91824
91865
91939
92082
92288
92328
92523
92594
92605
92735
92743
92745
92826
92849
92897
93012
93129
93257
93292
93339
93352
93357
93383
93429
93463
93491
93492
93524
93528
93608
93613
93658
93663
94016
94081
94102
94107
94124
94132
94150
94203
94210
94221
94305
94334
94347
94378
94408
94550
94692
94732
94746
94769
94853
94971
95042
95048
95140
95147
95187
95245
95382
95394
95486
95501
95515
95533
95541
95573
95642
95683
95699
95801
95869
95875
95912
95958
95964
96021
96085
96115
96165
96250
96491
96557
96559
96584
96585
96678
96687
96714
96715
96727
96790
97085
97088
97099
97191
97355
97408
97419
97428
97431
97475
97482
97548
97578
97582
97598
97616
97662
97682
97692
97707
97749
97763
97849
97866
97924
97928
97930
98048
98184
98209
98222
98317
98331
98396
98480
98500
98539
98548
98648
98708
98739
98817
98844
98877
98897
98928
98996
99023
99045
99103
99133
99161
99198
99261
99279
99307
99311
99357
99359
99367
99429
99455
99548
99629
99653
99664
99668
99705
99718
99720
99765
99784
99946
99950
99984
99998
