00033
00059
00131
00150
00154
00155
00171
00189
00193
00198
00207
00245
00299
00314
00439
00483
00496
00580
00662
00675
00717
00727
00739
00759
00769
00806
00824
00851
00875
00903
00951
00969
01000
01051
01146
01185
01207
01214
01248
01299
01305
01324
01427
01482
01505
01544
01546
01574
01636
01649
01720
01797
01862
01901
01949
01958
02023
02048
02099
02161
02195
02241
02317
02359
02419
02437
02452
02457
02494
02497
02656
02680
02700
02837
02848
02858
02864
02926
03031
03082
03130
03175
03195
03242
03295
03326
03438
03507
03518
03567
03569
03593
03621
03634
03731
03751
03816
03875
03976
03978
04027
04028
04056
04201
04212
04225
04246
04247
04291
04355
04400
04440
04447
04611
04765
04775
04788
04831
04842
04843
05022
05023
05124
05180
05238
05350
05442
05500
05525
05569
05640
05644
05646
05664
05669
05688
05695
05705
05708
05826
05877
05882
05924
05930
06127
06198
06203
06253
06328
06367
06382
06453
06510
06518
06519
06564
06674
06777
06796
06836
06845
06860
06935
07141
07148
07195
07236
07312
07356
07400
07536
07557
07680
07706
07757
07783
07828
07886
07896
07949
07958
08025
08028
08049
08162
08189
08206
08265
08408
08413
08465
08482
08494
08511
08650
08703
08827
08841
08865
08897
08970
08995
09077
09089
09129
09192
09195
09198
09233
09240
09269
09297
09304
09328
09361
09418
09430
09462
09559
09678
09721
09778
09919
09988
10125
10142
10164
10364
10403
10444
10483
10487
10488
10514
10534
10626
10640
10641
10687
10689
10715
10765
10824
10844
10958
10991
11046
11060
11062
11151
11174
11212
11216
11217
11273
11297
11371
11502
11525
11626
11699
11761
11795
11885
11888
11925
12041
12161
12183
12241
12279
12287
12348
12392
12465
12507
12508
12534
12538
12542
12627
12655
12752
12771
12816
12825
12883
13014
13200
13208
13237
13280
13314
13373
13407
13475
13508
13541
13544
13555
13798
13833
13919
14092
14240
14262
14264
14323
14444
14508
14535
14580
14722
14766
14809
14848
15047
15057
15145
15160
15171
15184
15233
15243
15261
15347
15371
15383
15412
15416
15418
15419
15457
15470
15502
15535
15581
15584
15593
15712
15713
15745
15810
15852
15883
16142
16181
16225
16339
16347
16426
16598
16615
16629
16974
17034
17058
17066
17165
17183
17213
17343
17436
17551
17594
17597
17616
17634
17683
17704
17764
17808
17854
17858
17879
18070
18097
18188
18238
18291
18337
18346
18433
18475
18531
18540
18558
18675
18680
18699
18712
18722
18904
18909
18925
19025
19029
19059
19061
19085
19121
19155
19178
19195
19208
19285
19290
19347
19490
19567
19591
19622
19630
19671
19784
19789
19863
19920
19928
20205
20290
20303
20311
20444
20454
20609
20635
20639
20706
20801
20807
20859
20878
20939
20966
20995
21088
21121
21141
21169
21188
21190
21225
21231
21346
21405
21421
21460
21461
21501
21506
21512
21543
21599
21610
21671
21723
21725
21827
21870
21877
21880
21915
21916
21989
22115
22283
22294
22379
22413
22432
22577
22593
22700
22784
22926
22988
23003
23076
23126
23211
23223
23254
23288
23316
23468
23519
23661
23690
23697
23700
23718
23722
23774
23873
23889
23896
23931
23935
23940
23998
24012
24025
24033
24052
24106
24177
24226
24263
24311
24316
24360
24509
24519
24536
24571
24660
24762
24782
24941
24971
24979
25065
25085
25106
25217
25258
25262
25319
25460
25463
25490
25503
25512
25588
25613
25614
25624
25633
25699
25706
25773
25793
25794
26018
26047
26083
26121
26159
26193
26289
26297
26344
26361
26382
26415
26457
26475
26564
26578
26593
26688
26700
26725
26729
26868
26898
26904
26935
26947
27039
27070
27108
27174
27188
27200
27211
27217
27483
27506
27688
27777
27806
27817
27837
27845
27847
27900
27932
28047
28051
28135
28215
28388
28410
28440
28556
28607
28633
28726
28783
28834
28877
28923
28925
28941
29013
29098
29149
29173
29207
29234
29237
29241
29268
29284
29344
29375
29541
29614
29669
29674
29690
29716
29739
29801
29838
30296
30556
30606
30616
30627
30733
30837
30839
30873
30934
30966
30988
31012
31058
31063
31149
31167
31185
31253
31324
31358
31385
31389
31392
31404
31435
31459
31522
31525
31536
31578
31643
31658
31672
31712
31895
31924
31949
32145
32149
32172
32189
32234
32242
32249
32251
32270
32310
32365
32369
32390
32397
32493
32570
32592
32644
32725
32727
32783
32788
32791
32814
32819
32881
32902
32921
33010
33161
33164
33219
33299
33375
33398
33467
33482
33588
33621
33656
33707
33733
33741
33770
33786
33871
33892
33963
34002
34061
34115
34197
34215
34234
34238
34275
34277
34352
34356
34372
34397
34398
34414
34458
34497
34540
34548
34575
34610
34615
34617
34695
34742
34754
34873
34958
34983
35193
35195
35216
35234
35238
35255
35281
35292
35313
35316
35333
35363
35455
35478
35497
35523
35528
35533
35535
35676
35793
35799
35813
35830
35841
35920
35942
35960
36011
36080
36117
36157
36214
36226
36254
36378
36379
36382
36401
36413
36421
36439
36541
36564
36565
36589
36727
36734
36793
36823
36877
36900
36914
36938
36956
37001
37041
37058
37069
37160
37170
37240
37258
37300
37352
37385
37478
37512
37560
37563
37661
37734
37804
37835
37837
37894
38012
38123
38190
38330
38331
38343
38383
38452
38502
38513
38521
38530
38574
38623
38674
38689
38704
38786
38806
38840
38912
38913
38943
38959
39120
39233
39394
39426
39427
39437
39444
39461
39480
39527
39528
39548
39568
39596
39622
39692
39700
39906
39984
40010
40013
40015
40023
40073
40078
40096
40121
40125
40156
40171
40176
40191
40227
40231
40235
40350
40370
40432
40448
40568
40573
40671
40722
40742
40753
40809
40872
40909
41056
41080
41088
41124
41132
41176
41306
41331
41372
41374
41405
41490
41507
41545
41551
41578
41648
41693
41709
41864
41945
41968
42012
42065
42078
42079
42120
42151
42178
42348
42473
42498
42500
42672
42681
42712
42741
42772
42786
42845
42972
42987
43032
43036
43049
43067
43068
43112
43120
43135
43145
43209
43265
43381
43389
43417
43440
43448
43460
43478
43485
43531
43543
43647
43666
43747
43887
43899
43915
43923
44056
44153
44184
44188
44234
44312
44338
44345
44429
44462
44466
44481
44557
44561
44585
44604
44662
44694
44741
44755
44790
44820
44966
45003
45022
45057
45109
45177
45182
45266
45467
45473
45535
45555
45587
45596
45755
45764
45789
45796
45798
45865
45874
46003
46101
46119
46129
46136
46147
46153
46231
46258
46283
46286
46309
46311
46361
46385
46415
46486
46542
46558
46626
46633
46634
46673
46708
46717
46848
46966
46971
46988
47054
47086
47099
47117
47174
47189
47192
47268
47390
47421
47494
47499
47591
47636
47688
47709
47732
47799
47813
47907
48097
48099
48118
48146
48167
48193
48208
48210
48253
48302
48326
48347
48363
48396
48402
48498
48509
48526
48568
48654
48698
48762
48872
48893
48927
48929
48970
48985
49014
49099
49106
49108
49119
49132
49135
49157
49223
49251
49271
49313
49332
49353
49388
49399
49423
49425
49464
49487
49557
49562
49567
49575
49591
49618
49624
49639
49755
49805
49844
49846
49860
49874
49898
49902
49997
50007
50034
50039
50054
50058
50065
50127
50129
50176
50214
50225
50238
50335
50345
50372
50381
50394
50650
50666
50682
50740
50792
50830
50880
50925
50926
50963
51019
51037
51051
51056
51061
51067
51101
51111
51157
51172
51174
51206
51243
51253
51320
51480
51494
51612
51614
51615
51616
51635
51699
51710
51755
51861
51874
51885
51948
52008
52015
52030
52079
52126
52141
52159
52263
52304
52452
52473
52491
52644
52711
52760
52817
52819
52825
52857
52908
52917
52921
52928
52947
53007
53150
53176
53181
53291
53364
53371
53373
53392
53399
53434
53468
53474
53491
53494
53507
53523
53546
53565
53579
53606
53704
53710
53739
53740
53756
53805
53833
53901
53946
53975
54003
54062
54063
54069
54072
54127
54141
54153
54167
54259
54276
54311
54331
54344
54349
54363
54392
54463
54498
54534
54548
54549
54556
54698
54710
54715
54792
54820
54843
54962
55061
55080
55188
55197
55229
55237
55274
55326
55356
55357
55362
55398
55481
55492
55553
55556
55563
55575
55626
55662
55672
55721
55742
55743
55855
55864
55883
55895
55994
56015
56073
56130
56134
56186
56191
56240
56279
56341
56367
56390
56398
56548
56569
56576
56581
56617
56625
56646
56682
56844
56886
56965
57018
57065
57162
57176
57243
57318
57349
57527
57547
57565
57597
57618
57637
57691
57730
57790
57802
57803
57832
57838
57896
58016
58091
58095
58102
58184
58219
58244
58285
58446
58451
58532
58657
58713
58749
58789
58807
58881
58900
58912
58917
58931
58932
58967
59007
59042
59113
59168
59194
59218
59259
59290
59380
59392
59397
59410
59456
59498
59536
59645
59655
59685
59840
59882
59924
59948
59982
60006
60039
60041
60062
60083
60105
60130
60161
60202
60277
60303
60309
60323
60371
60392
60393
60400
60411
60437
60470
60488
60605
60633
60707
60713
60773
60820
60883
60918
60966
60971
61005
61102
61146
61203
61225
61227
61228
61253
61267
61269
61356
61375
61380
61389
61443
61514
61526
61566
61571
61700
61815
61838
61861
61906
61956
61977
61978
61979
61986
62004
62090
62099
62108
62129
62151
62246
62312
62318
62403
62437
62502
62506
62526
62530
62553
62560
62673
62722
62772
62778
62817
62888
63047
63112
63122
63123
63137
63164
63177
63196
63305
63364
63386
63398
63411
63426
63434
63438
63514
63518
63520
63612
63625
63627
63639
63767
63861
63944
64058
64107
64149
64151
64197
64223
64277
64280
64286
64315
64411
64576
64595
64647
64704
64814
64851
64858
65009
65013
65020
65028
65067
65113
65147
65154
65156
65185
65223
65252
65292
65314
65322
65360
65415
65430
65620
65622
65695
65701
65728
65862
65869
65873
65875
65901
65915
65918
66026
66029
66032
66047
66055
66059
66169
66173
66177
66196
66205
66243
66320
66345
66390
66477
66493
66537
66550
66573
66598
66629
66637
66640
66669
66686
66716
66753
66789
66814
66845
66972
66997
67032
67153
67162
67184
67229
67280
67302
67351
67389
67452
67476
67490
67500
67521
67599
67628
67637
67658
67698
67700
67710
67750
67753
67768
67780
67796
67820
67824
67839
67884
67894
67909
67916
67930
67934
67972
67994
68138
68240
68276
68312
68358
68374
68453
68498
68522
68606
68623
68682
68726
68770
68776
68836
68848
68856
68860
68936
68951
68952
68962
68979
68981
68998
69024
69043
69078
69147
69180
69184
69239
69240
69249
69290
69295
69299
69319
69329
69336
69460
69466
69483
69506
69543
69548
69567
69701
69761
69762
69814
69858
69866
69890
69895
69901
69902
69965
70004
70006
70054
70076
70096
70232
70332
70334
70378
70399
70438
70572
70635
70673
70676
70716
70756
70834
70870
70932
70933
70988
71086
71106
71143
71160
71173
71178
71230
71251
71335
71352
71445
71460
71484
71535
71546
71570
71581
71666
71675
71780
71807
71821
71822
71880
71881
71941
71947
71980
72046
72080
72083
72088
72250
72259
72282
72314
72338
72358
72374
72448
72450
72455
72473
72512
72556
72572
72573
72583
72611
72686
72719
72722
72747
72853
72912
72915
72968
72975
72994
73015
73090
73126
73195
73223
73234
73276
73323
73325
73374
73400
73406
73408
73485
73492
73512
73516
73616
73652
73675
73680
73694
73730
73823
73828
73835
73890
73891
73920
73954
73973
73982
74020
74036
74051
74066
74085
74124
74163
74185
74206
74216
74267
74307
74336
74338
74348
74376
74436
74482
74502
74507
74542
74569
74591
74712
74848
74852
74856
74919
74940
74966
75131
75169
75179
75185
75190
75205
75208
75272
75310
75322
75387
75492
75502
75537
75595
75646
75740
75746
75802
75803
75905
75961
75979
76018
76023
76200
76206
76287
76291
76303
76325
76360
76364
76392
76438
76519
76584
76592
76603
76743
76793
76808
76812
76814
76829
76853
76864
76873
76884
76918
76966
76968
76996
77017
77035
77055
77109
77112
77125
77163
77203
77218
77219
77272
77286
77295
77299
77306
77314
77323
77364
77406
77411
77531
77545
77546
77725
77739
77795
77851
77854
77879
77945
77960
77977
78061
78067
78097
78098
78132
78138
78166
78185
78200
78208
78244
78247
78268
78279
78301
78352
78361
78435
78462
78556
78601
78618
78658
78709
78747
78852
78890
79028
79075
79138
79157
79194
79214
79252
79284
79311
79363
79399
79400
79456
79481
79484
79502
79583
79585
79626
79693
79763
79766
79804
79807
79934
79942
79958
79971
79973
80008
80077
80083
80145
80160
80162
80168
80251
80271
80341
80360
80363
80383
80391
80412
80460
80463
80467
80469
80518
80640
80692
80722
80804
80844
80962
81057
81060
81144
81152
81167
81169
81180
81208
81255
81354
81383
81418
81429
81547
81555
81632
81685
81710
81724
81768
81792
81804
81813
81836
81865
81877
81946
81985
81993
82006
82075
82104
82159
82168
82234
82259
82279
82291
82292
82449
82518
82566
82573
82614
82744
82783
82789
82826
82850
82877
82904
82933
82952
82961
82972
82999
83000
83033
83066
83091
83218
83334
83372
83400
83405
83417
83475
83507
83513
83517
83527
83545
83607
83620
83665
83679
83688
83728
83760
83770
83776
83790
83796
83889
83910
84004
84014
84039
84087
84118
84140
84148
84221
84223
84224
84255
84260
84294
84313
84315
84369
84402
84408
84458
84499
84503
84545
84594
84613
84681
84873
84926
85056
85062
85071
85079
85087
85113
85232
85247
85250
85283
85290
85363
85403
85421
85479
85482
85567
85603
85623
85678
85684
85688
85752
85758
85767
85816
85823
85826
85857
85871
85885
85922
85972
85981
86111
86114
86219
86232
86247
86311
86322
86333
86348
86359
86451
86479
86565
86571
86583
86649
86667
86673
86702
86751
86814
86988
86992
87025
87026
87047
87075
87155
87162
87197
87236
87249
87266
87305
87320
87382
87415
87420
87445
87499
87506
87539
87668
87715
87722
87754
87770
87779
87834
87912
87967
87982
88004
88035
88109
88147
88155
88166
88190
88233
88318
88373
88415
88418
88420
88545
88562
88646
88656
88671
88741
88771
88798
88953
88988
89091
89110
89146
89194
89218
89246
89262
89264
89348
89427
89445
89580
89586
89656
89658
89730
89736
89738
89778
89794
89814
89906
89913
89968
89971
89979
90023
90024
90032
90033
90171
90174
90229
90237
90293
90303
90306
90307
90328
90371
90397
90443
90466
90490
90566
90630
90641
90650
90711
90725
90752
90753
90795
90857
90881
90885
90886
90951
90985
91002
91059
91090
91094
91176
91227
91315
91331
91332
91397
91403
91406
91418
91424
91441
91493
91545
91561
91603
91733
91743
91765
91792
91793
91838
91842
91867
92003
92061
92111
92145
92165
92177
92218
92238
92240
92246
92262
92300
92328
92358
92360
92381
92382
92402
92408
92429
92476
92484
92510
92585
92609
92614
92672
92707
92734
92737
92750
92764
92801
92815
92830
92832
92852
92858
92891
92910
92923
92942
93000
93063
93082
93123
93141
93189
93190
93200
93239
93241
93263
93291
93296
93312
93402
93445
93533
93566
93629
93650
93658
93699
93700
93707
93709
93758
93810
93817
93852
93902
93928
94008
94025
94052
94114
94129
94171
94205
94215
94234
94239
94246
94277
94285
94327
94348
94380
94426
94472
94537
94593
94647
94672
94716
94753
94793
94816
94823
94900
94980
94986
94992
95011
95038
95095
95111
95166
95213
95235
95401
95562
95624
95699
95757
95781
95795
95813
95819
95877
95951
95971
95980
96050
96065
96099
96101
96105
96143
96148
96161
96181
96227
96231
96238
96316
96324
96347
96367
96379
96458
96465
96534
96590
96600
96602
96667
96686
96715
96733
96742
96863
96872
96927
96949
96964
96966
97022
97033
97077
97081
97099
97155
97187
97256
97331
97364
97447
97457
97538
97610
97612
97642
97644
97673
97684
97690
97706
97726
97754
97769
97777
97852
97869
97889
97919
97954
97992
97999
98053
98105
98192
98290
98327
98381
98434
98441
98456
98519
98550
98634
98637
98642
98649
98672
98714
98723
98732
98736
98739
98796
98854
98898
98912
98925
99033
99049
99061
99158
99262
99269
99275
99307
99308
99396
99452
99453
99489
99504
99644
99645
99754
99755
99797
99861
99937
99938
99953
99980
