00024
00033
00105
00142
00178
00189
00202
00206
00223
00241
00267
00283
00334
00371
00374
00400
00407
00408
00441
00469
00550
00555
00585
00590
00615
00674
00690
00691
00840
00846
00885
00917
00923
00929
01006
01019
01070
01122
01126
01138
01162
01287
01323
01339
01533
01537
01544
01572
01581
01634
01684
01735
01745
01754
01759
01776
01780
01791
01803
01807
01861
01884
01900
01996
02005
02072
02077
02090
02141
02162
02170
02213
02235
02244
02321
02332
02349
02367
02375
02437
02470
02489
02541
02578
02643
02648
02813
02818
02820
02837
02845
02854
02931
03013
03017
03079
03116
03124
03134
03178
03203
03234
03264
03276
03336
03347
03381
03386
03397
03408
03465
03492
03508
03552
03563
03595
03672
03699
03733
03766
03829
03840
03846
03909
03965
03968
04025
04026
04033
04056
04058
04123
04185
04216
04234
04246
04258
04356
04364
04406
04420
04449
04498
04563
04586
04595
04656
04660
04688
04713
04716
04724
04725
04735
04811
04947
05041
05052
05103
05129
05143
05150
05198
05235
05268
05328
05484
05497
05536
05670
05724
05764
05781
05792
05857
05920
05924
05933
05935
05960
05964
06007
06010
06022
06030
06037
06153
06183
06210
06248
06391
06458
06542
06551
06640
06710
06714
06738
06740
06760
06860
06870
06907
06971
07017
07049
07069
07088
07090
07102
07140
07192
07253
07268
07298
07303
07326
07343
07357
07362
07418
07439
07493
07519
07541
07548
07565
07600
07653
07749
07795
07805
07825
07835
07876
07904
07933
07943
07958
08097
08152
08194
08228
08232
08306
08312
08319
08378
08391
08401
08408
08415
08423
08437
08510
08558
08565
08570
08590
08615
08621
08653
08669
08713
08762
08779
08800
08858
08916
08957
08971
09020
09139
09146
09182
09199
09234
09252
09284
09292
09326
09328
09334
09427
09432
09464
09527
09593
09625
09765
09896
09966
10071
10125
10126
10136
10151
10179
10183
10205
10225
10242
10304
10313
10318
10331
10343
10363
10420
10458
10477
10569
10579
10600
10612
10697
10732
10734
10737
10754
10762
10808
10811
10852
10866
10904
10992
11005
11145
11164
11216
11226
11234
11269
11308
11327
11365
11406
11414
11493
11530
11560
11566
11576
11583
11608
11653
11684
11708
11733
11757
11766
11815
11830
11839
11849
11853
11880
11913
11914
11963
11969
11990
11998
12026
12048
12068
12227
12301
12340
12353
12357
12413
12452
12480
12491
12514
12635
12670
12676
12729
12750
12816
12834
12846
12856
12962
12965
12982
12984
13023
13039
13082
13135
13140
13156
13162
13176
13193
13202
13260
13292
13421
13445
13526
13557
13593
13646
13682
13685
13687
13701
13832
13854
13885
13905
13923
13930
13933
13964
14041
14058
14076
14115
14162
14163
14226
14229
14240
14295
14326
14341
14419
14442
14478
14499
14529
14568
14625
14626
14628
14655
14680
14689
14737
14796
14894
14902
14908
14917
14918
14962
14977
15007
15058
15090
15113
15127
15153
15166
15196
15261
15280
15384
15435
15498
15553
15574
15601
15641
15654
15747
15754
15920
15964
15990
16021
16042
16093
16138
16164
16246
16336
16359
16383
16387
16437
16500
16510
16549
16555
16556
16569
16604
16608
16632
16668
16703
16729
16735
16766
16785
16786
16890
17015
17071
17088
17112
17118
17178
17264
17271
17279
17295
17312
17328
17352
17421
17427
17453
17500
17526
17538
17614
17619
17624
17738
17743
17757
17796
17815
17930
17985
18073
18079
18126
18235
18237
18238
18264
18339
18359
18385
18461
18462
18472
18481
18487
18626
18639
18810
18848
18894
18899
18905
19000
19016
19043
19059
19101
19174
19206
19263
19364
19479
19579
19600
19647
19661
19695
19728
19732
19736
19890
19901
19929
19988
20014
20026
20066
20224
20277
20371
20383
20390
20422
20509
20566
20598
20616
20624
20643
20721
20730
20766
20794
20818
20856
20869
20885
20994
21010
21054
21069
21084
21093
21181
21259
21281
21288
21305
21320
21338
21394
21468
21519
21529
21564
21614
21667
21772
21775
21860
21906
22054
22055
22061
22102
22125
22129
22143
22189
22205
22217
22253
22312
22341
22382
22482
22528
22543
22671
22679
22715
22728
22730
22736
22738
22759
22771
22793
22815
22863
22986
23063
23072
23141
23159
23183
23218
23252
23266
23307
23319
23354
23425
23499
23502
23627
23654
23668
23716
23740
23745
23772
23822
23868
23891
23946
24046
24048
24075
24081
24089
24118
24125
24179
24185
24224
24248
24259
24273
24345
24499
24559
24581
24586
24604
24636
24716
24720
24732
24739
24747
24787
24833
24853
24910
24960
24964
25034
25107
25221
25264
25268
25371
25396
25433
25637
25701
25752
25783
25794
25805
25848
25858
25934
25945
26034
26068
26081
26104
26155
26201
26204
26282
26327
26381
26402
26465
26484
26492
26526
26547
26572
26606
26618
26670
26686
26704
26710
26711
26800
26832
26905
26956
26958
26961
26963
26964
26965
27004
27008
27037
27089
27092
27120
27169
27181
27186
27349
27384
27432
27484
27597
27712
27742
27746
27753
27826
27872
27879
28003
28011
28022
28030
28058
28186
28187
28248
28260
28375
28454
28466
28522
28525
28552
28555
28608
28641
28643
28728
28789
28839
28840
28841
28852
28944
28946
28949
28974
28996
29034
29121
29161
29215
29226
29235
29255
29297
29302
29362
29468
29478
29535
29539
29568
29588
29650
29769
29794
29845
29862
29865
29892
29923
29962
29969
30012
30085
30207
30225
30254
30280
30284
30303
30326
30370
30462
30464
30493
30498
30507
30520
30602
30607
30726
30768
30818
30821
30905
30945
30957
31023
31069
31170
31241
31267
31343
31345
31347
31352
31405
31459
31514
31563
31567
31584
31598
31612
31631
31637
31717
31750
31825
31830
31882
31891
31931
31964
31998
32011
32022
32036
32037
32067
32096
32127
32173
32218
32236
32259
32270
32288
32351
32375
32438
32480
32496
32579
32581
32634
32665
32675
32677
32708
33060
33092
33102
33236
33258
33265
33339
33396
33442
33475
33554
33588
33609
33682
33705
33736
33746
33843
33871
33888
33902
34054
34069
34108
34123
34157
34177
34186
34193
34267
34280
34293
34313
34317
34355
34373
34405
34419
34542
34561
34602
34607
34714
34730
34844
34865
34873
34881
34940
35010
35090
35098
35099
35132
35166
35246
35253
35264
35275
35371
35387
35430
35466
35539
35569
35570
35596
35618
35633
35640
35655
35669
35712
35725
35760
35772
35871
35902
35923
35979
35981
36002
36006
36021
36027
36045
36067
36085
36144
36295
36311
36320
36361
36395
36397
36511
36529
36565
36587
36608
36698
36714
36727
36760
36766
36782
36810
36834
36897
36977
36981
36985
37000
37015
37047
37099
37110
37134
37155
37175
37198
37215
37254
37256
37289
37342
37354
37365
37381
37480
37484
37530
37647
37762
37790
37874
37938
37985
38033
38048
38059
38063
38078
38199
38284
38314
38344
38352
38516
38532
38620
38723
38739
38795
38806
38903
39015
39163
39257
39258
39275
39315
39347
39364
39404
39444
39505
39510
39540
39545
39555
39581
39628
39672
39673
39698
39852
39861
39864
39875
39921
39924
39963
39973
40024
40033
40061
40093
40147
40149
40273
40369
40416
40417
40426
40489
40522
40541
40557
40559
40589
40598
40625
40739
40835
40847
40852
40876
40878
40909
40911
40941
40956
40970
40979
41040
41098
41102
41120
41128
41137
41159
41173
41211
41243
41278
41357
41359
41366
41380
41476
41507
41550
41582
41782
41868
41948
42031
42032
42093
42107
42116
42161
42205
42208
42248
42297
42308
42324
42330
42358
42473
42499
42544
42562
42613
42665
42673
42698
42755
42770
42920
42991
43014
43019
43066
43076
43100
43108
43167
43186
43201
43212
43257
43289
43310
43335
43357
43369
43439
43481
43521
43533
43540
43547
43595
43691
43708
43756
43763
43776
43793
43800
43831
43858
43864
43879
43886
43903
43927
43989
44120
44148
44159
44216
44258
44465
44529
44536
44547
44593
44604
44641
44658
44661
44690
44741
44790
44801
44852
44913
44965
44992
45050
45053
45097
45120
45171
45179
45182
45249
45315
45317
45320
45332
45333
45339
45344
45345
45377
45429
45436
45470
45559
45590
45593
45670
45691
45724
45770
45920
45934
45944
45966
46192
46243
46253
46269
46274
46301
46311
46341
46347
46359
46427
46460
46465
46478
46592
46607
46623
46658
46686
46706
46742
46757
46787
46800
46855
47048
47094
47111
47218
47223
47276
47335
47465
47524
47538
47557
47598
47690
47718
47751
47788
47869
47953
47975
48008
48087
48122
48133
48190
48365
48374
48403
48473
48535
48624
48701
48703
48777
48856
48886
48896
48912
48960
48970
48977
49051
49078
49111
49136
49155
49211
49380
49382
49400
49417
49426
49536
49607
49609
49633
49702
49786
49904
49940
49996
50123
50130
50131
50190
50231
50279
50346
50348
50354
50356
50412
50445
50528
50555
50648
50659
50674
50682
50692
50711
50745
50755
50776
50792
50818
50951
50956
50969
50980
51036
51149
51152
51170
51184
51207
51214
51266
51269
51285
51357
51358
51388
51411
51418
51420
51427
51577
51599
51639
51641
51664
51730
51746
51758
51790
51791
51801
51805
51816
51841
51847
51899
51901
51915
51919
51923
52029
52034
52080
52115
52228
52255
52369
52382
52392
52413
52415
52440
52475
52488
52583
52589
52593
52609
52642
52654
52660
52725
52733
52853
52882
52947
52963
52980
52981
52984
52990
53091
53112
53141
53144
53168
53226
53384
53394
53433
53448
53449
53462
53470
53473
53486
53501
53511
53515
53590
53639
53648
53662
53666
53725
53789
53844
53851
53875
53963
53976
53989
54022
54032
54065
54067
54082
54089
54111
54122
54161
54185
54203
54223
54224
54247
54248
54258
54279
54285
54371
54384
54420
54448
54463
54492
54498
54570
54572
54624
54683
54769
54780
54787
54796
54829
54983
54998
55003
55021
55137
55148
55153
55304
55343
55348
55364
55378
55404
55448
55490
55558
55613
55720
55733
55748
55762
55870
55904
55939
56065
56134
56147
56275
56325
56468
56514
56525
56543
56681
56706
56793
56801
56834
56874
56890
56939
57080
57088
57091
57125
57137
57140
57164
57165
57168
57179
57243
57303
57383
57384
57408
57425
57557
57597
57604
57610
57614
57616
57643
57672
57706
57724
57728
57748
57794
57858
57955
58054
58061
58072
58093
58195
58219
58263
58308
58346
58412
58471
58638
58643
58661
58679
58700
58710
58734
58823
58846
58870
58954
58986
59016
59032
59035
59055
59099
59103
59104
59111
59148
59261
59277
59288
59305
59364
59481
59557
59577
59612
59636
59663
59676
59695
59724
59757
59814
59867
59904
59912
59924
59954
59986
59991
60046
60055
60087
60108
60211
60252
60309
60348
60362
60384
60419
60509
60523
60539
60542
60585
60590
60728
60755
60784
61006
61008
61033
61053
61078
61087
61101
61102
61152
61296
61301
61345
61373
61464
61572
61611
61632
61740
61790
61798
61870
61897
61925
62025
62054
62075
62093
62106
62158
62164
62254
62295
62312
62445
62449
62464
62467
62531
62533
62535
62546
62565
62573
62621
62676
62681
62725
62832
62902
62910
63062
63079
63108
63111
63169
63174
63250
63287
63371
63418
63420
63460
63478
63499
63609
63618
63659
63664
63673
63681
63682
63699
63772
63831
63841
63932
63934
63942
63996
64029
64038
64094
64104
64144
64207
64238
64254
64261
64337
64370
64419
64425
64471
64532
64552
64640
64642
64643
64662
64689
64691
64748
64750
64803
64806
64812
64830
64831
64839
64904
64951
64988
65016
65024
65207
65284
65294
65317
65328
65385
65414
65427
65478
65500
65537
65588
65600
65657
65673
65692
65718
65795
65863
65885
65950
65952
65998
66149
66180
66222
66243
66250
66277
66289
66330
66367
66416
66475
66497
66558
66574
66578
66581
66708
66802
66809
66856
66946
67042
67059
67079
67088
67093
67116
67132
67133
67139
67145
67157
67189
67204
67325
67326
67327
67416
67423
67456
67498
67502
67529
67565
67587
67626
67642
67649
67667
67670
67747
67822
67859
67881
67939
67940
67941
67946
68006
68012
68034
68035
68051
68140
68162
68185
68190
68193
68218
68242
68255
68332
68343
68383
68402
68409
68511
68531
68566
68627
68662
68665
68668
68683
68737
68824
68891
68942
68964
68969
68973
69018
69020
69032
69067
69102
69114
69120
69155
69294
69313
69343
69360
69408
69416
69441
69479
69491
69549
69588
69611
69633
69668
69751
69780
69785
69876
69931
69941
69968
69981
70037
70097
70107
70110
70149
70197
70211
70278
70305
70326
70348
70373
70377
70393
70535
70584
70585
70593
70602
70606
70640
70765
70781
70808
70855
70879
70888
70921
70967
70970
70988
71023
71028
71033
71042
71098
71105
71110
71141
71176
71186
71192
71292
71302
71351
71386
71407
71432
71434
71501
71506
71561
71580
71639
71685
71731
71760
71806
71813
71895
71933
72016
72030
72050
72139
72175
72232
72246
72258
72274
72331
72342
72352
72362
72456
72473
72481
72528
72538
72547
72549
72555
72566
72638
72673
72674
72684
72707
72739
72833
72855
72863
72911
73023
73053
73093
73128
73214
73253
73265
73293
73300
73307
73330
73419
73597
73626
73627
73686
73708
73802
73809
73960
73968
73986
73990
74017
74078
74170
74171
74218
74220
74253
74279
74319
74374
74406
74485
74491
74570
74600
74617
74629
74777
74786
74807
74814
74816
74843
74862
74916
74921
75001
75031
75039
75167
75300
75315
75348
75405
75408
75412
75430
75456
75469
75536
75555
75559
75577
75701
75705
75720
75766
75785
75826
75913
76093
76115
76158
76159
76168
76169
76173
76188
76353
76362
76434
76466
76603
76651
76706
76716
76731
76774
76804
76925
76962
76991
77081
77190
77250
77284
77356
77396
77521
77528
77711
77753
77772
77835
77879
77882
77905
78041
78099
78139
78168
78264
78368
78373
78434
78457
78497
78595
78652
78669
78673
78806
78821
78847
78897
78912
78917
78929
78987
79003
79009
79099
79102
79168
79197
79226
79299
79321
79333
79385
79390
79441
79487
79497
79538
79539
79570
79603
79624
79652
79670
79673
79684
79698
79739
79744
79756
79771
79777
79797
79805
79847
79902
79928
79968
80046
80099
80257
80269
80467
80536
80560
80563
80565
80569
80582
80676
80777
80908
80920
80954
80990
81005
81018
81086
81103
81208
81227
81279
81401
81411
81437
81453
81459
81495
81497
81531
81570
81736
81751
81774
81799
81842
81854
81859
81901
81905
81927
81942
81955
82010
82013
82100
82128
82147
82153
82159
82192
82224
82229
82232
82249
82263
82306
82317
82388
82394
82421
82422
82432
82433
82468
82503
82547
82564
82613
82632
82680
82688
82703
82725
82739
82754
82764
82835
82845
82972
82997
83039
83052
83087
83120
83149
83152
83191
83242
83292
83295
83422
83442
83452
83488
83499
83525
83540
83558
83608
83612
83623
83812
83907
83910
83986
83991
83993
84034
84046
84048
84093
84128
84146
84180
84231
84261
84418
84488
84527
84609
84679
84680
84741
84748
84749
84763
84817
84875
84877
84886
84958
84990
84996
85023
85060
85072
85191
85215
85229
85245
85270
85275
85320
85326
85410
85417
85497
85507
85540
85544
85550
85593
85649
85651
85821
85849
86077
86079
86095
86191
86211
86217
86223
86282
86292
86301
86316
86332
86368
86391
86419
86430
86483
86496
86497
86502
86511
86550
86553
86578
86599
86605
86613
86617
86620
86631
86643
86684
86699
86715
86786
86808
86817
86838
86846
86912
86923
86970
86986
87015
87051
87055
87083
87094
87110
87134
87167
87190
87288
87462
87489
87523
87534
87551
87606
87636
87650
87689
87698
87712
87797
87804
87822
87834
87866
87911
87944
87985
87988
88066
88096
88129
88250
88296
88347
88351
88373
88413
88459
88471
88624
88643
88660
88670
88807
88829
88889
88961
88966
89074
89088
89090
89099
89137
89234
89284
89380
89409
89452
89473
89490
89499
89551
89553
89562
89610
89619
89734
89763
89930
89962
89964
89978
90053
90057
90078
90213
90230
90254
90275
90285
90311
90335
90488
90564
90583
90651
90654
90677
90678
90695
90697
90711
90726
90802
90810
90847
90855
90863
90865
90866
90898
90948
90968
90989
90993
91034
91067
91093
91128
91155
91194
91212
91280
91310
91315
91350
91396
91408
91484
91539
91548
91561
91565
91570
91572
91589
91622
91658
91667
91673
91682
91696
91709
91733
91759
91785
91826
91919
92165
92171
92202
92221
92253
92268
92345
92367
92373
92411
92430
92459
92474
92503
92508
92512
92627
92631
92675
92676
92727
92788
92850
92871
92943
93005
93027
93078
93175
93181
93187
93189
93224
93247
93248
93253
93311
93328
93397
93400
93428
93434
93503
93523
93680
93750
93831
94020
94039
94102
94119
94148
94175
94191
94209
94219
94267
94296
94376
94379
94381
94411
94429
94452
94483
94495
94497
94545
94547
94554
94658
94673
94707
94836
94889
94945
95018
95036
95058
95069
95094
95144
95150
95201
95207
95262
95302
95311
95317
95322
95352
95378
95415
95434
95450
95508
95554
95566
95608
95625
95629
95645
95701
95716
95722
95779
95786
95845
95853
95878
95897
95899
95905
95909
95911
95976
96027
96051
96063
96072
96102
96126
96159
96200
96224
96231
96235
96276
96289
96300
96302
96315
96396
96418
96438
96466
96488
96528
96577
96626
96652
96665
96713
96714
96718
96719
96735
96797
96908
96932
97007
97064
97204
97265
97343
97355
97370
97418
97462
97475
97478
97490
97539
97553
97564
97643
97698
97710
97830
97896
97970
97991
98027
98039
98091
98094
98211
98213
98223
98245
98247
98318
98330
98362
98378
98381
98416
98436
98507
98508
98514
98530
98535
98669
98686
98718
98764
98766
98809
98816
98853
98942
98980
98987
98988
99032
99065
99176
99190
99195
99196
99274
99280
99283
99295
99405
99407
99446
99456
99502
99550
99556
99561
99613
99618
99624
99628
99685
99709
99720
99743
99752
99753
99790
99802
99910
99995
