00041
00071
00093
00096
00186
00240
00247
00253
00310
00372
00544
00546
00596
00605
00607
00685
00697
00805
00818
00832
00853
00886
00909
00914
00917
00919
00936
00949
00966
00978
00983
01017
01088
01148
01218
01250
01260
01295
01363
01448
01486
01518
01689
01692
01716
01743
01753
01769
01801
01818
01881
01899
01916
01960
02012
02134
02142
02150
02163
02226
02240
02257
02266
02282
02302
02404
02425
02442
02468
02477
02522
02577
02607
02622
02635
02640
02755
02771
02775
02817
02827
02867
02906
02907
02936
02985
02988
03016
03055
03064
03080
03116
03130
03135
03145
03148
03173
03212
03340
03402
03439
03521
03553
03584
03629
03634
03647
03648
03683
03697
03725
03753
03791
03795
03812
03820
03827
03851
03887
03944
03954
03970
04008
04052
04099
04137
04211
04266
04297
04307
04368
04449
04458
04474
04483
04529
04541
04557
04568
04589
04614
04618
04659
04678
04712
04775
04828
04830
04874
04916
04928
04933
04950
04986
05008
05012
05051
05057
05070
05255
05287
05355
05363
05379
05395
05410
05421
05435
05458
05464
05467
05501
05526
05532
05604
05629
05706
05715
05764
05797
05818
05849
05908
05914
05919
05928
06055
06069
06083
06086
06131
06195
06224
06250
06251
06310
06314
06369
06456
06503
06516
06525
06563
06651
06715
06716
06717
06720
06763
06775
06787
06797
06881
07068
07086
07091
07121
07145
07163
07179
07249
07255
07257
07299
07302
07324
07330
07367
07374
07483
07485
07493
07525
07635
07692
07710
07734
07777
07843
07882
07894
07938
07944
07980
07990
07993
08023
08042
08072
08104
08132
08161
08265
08268
08272
08300
08317
08413
08471
08493
08518
08539
08659
08708
08721
08792
08814
08822
08829
08841
08898
08992
09031
09114
09134
09153
09192
09289
09326
09364
09367
09396
09405
09422
09424
09425
09438
09494
09497
09503
09506
09534
09555
09562
09575
09641
09703
09724
09727
09784
09790
09805
09821
09839
09846
09906
09989
10096
10119
10122
10126
10150
10184
10195
10224
10236
10297
10360
10388
10401
10405
10411
10438
10509
10668
10690
10732
10758
10763
10795
10846
10870
10983
11031
11058
11173
11292
11317
11359
11379
11386
11393
11435
11500
11530
11545
11550
11553
11555
11578
11604
11616
11622
11653
11655
11732
11735
11787
11833
11838
11852
11864
11871
11881
11885
12064
12066
12071
12099
12199
12206
12219
12229
12235
12248
12278
12293
12311
12324
12332
12333
12349
12354
12372
12378
12387
12397
12415
12438
12440
12455
12501
12517
12553
12566
12609
12611
12640
12753
12792
12800
12801
12817
12845
12859
12956
12987
13013
13058
13071
13125
13200
13224
13235
13253
13260
13271
13289
13290
13312
13348
13367
13404
13421
13452
13495
13505
13514
13542
13619
13722
13788
13862
13915
14023
14149
14152
14212
14215
14225
14300
14310
14326
14383
14400
14429
14459
14475
14477
14480
14486
14510
14528
14552
14580
14604
14605
14653
14656
14659
14660
14676
14703
14708
14714
14803
14839
14867
14886
14891
14930
14961
14969
15057
15116
15134
15141
15142
15182
15227
15262
15264
15280
15284
15384
15385
15388
15393
15484
15503
15509
15510
15592
15601
15631
15632
15657
15662
15736
15757
15774
15866
15873
15879
15917
15928
15951
15952
15953
16012
16039
16074
16075
16091
16135
16155
16205
16206
16274
16284
16357
16389
16395
16463
16499
16552
16616
16635
16649
16698
16715
16725
16751
16796
16803
16826
16848
16883
16904
16907
16966
17028
17050
17111
17159
17181
17208
17274
17295
17310
17312
17333
17338
17351
17369
17384
17455
17467
17482
17507
17525
17579
17629
17672
17679
17766
17783
17791
17805
17811
17893
17920
17929
18021
18063
18084
18097
18111
18143
18186
18188
18290
18343
18346
18353
18366
18399
18440
18454
18461
18495
18538
18578
18582
18585
18613
18624
18632
18658
18666
18673
18770
18783
18797
18805
18824
18826
18869
18978
19038
19046
19068
19071
19076
19115
19118
19172
19175
19185
19246
19273
19287
19298
19304
19334
19337
19360
19368
19448
19485
19492
19552
19563
19578
19610
19625
19662
19671
19721
19724
19737
19759
19785
19818
19833
19836
19886
19949
19953
19972
19979
19991
20016
20034
20035
20072
20109
20130
20151
20175
20200
20207
20208
20249
20307
20332
20348
20401
20418
20442
20463
20469
20476
20527
20555
20569
20583
20605
20609
20650
20674
20684
20727
20733
20773
20881
20892
20906
20907
20913
20960
20980
20987
21005
21076
21096
21101
21113
21184
21199
21206
21222
21263
21265
21271
21280
21305
21332
21333
21408
21413
21440
21486
21502
21570
21585
21600
21622
21631
21649
21664
21667
21668
21699
21737
21758
21792
21853
21859
21861
21904
21928
21957
21963
22009
22031
22044
22052
22090
22103
22130
22139
22149
22191
22204
22208
22437
22438
22470
22489
22536
22576
22686
22700
22715
22725
22738
22751
22761
22766
22789
22802
22817
22819
22849
22912
22919
23031
23064
23079
23089
23131
23145
23170
23174
23220
23271
23278
23356
23433
23461
23475
23489
23501
23541
23568
23572
23637
23647
23713
23721
23733
23760
23774
23880
23927
23953
24003
24013
24056
24062
24130
24137
24158
24175
24186
24209
24275
24315
24328
24378
24398
24421
24469
24489
24501
24514
24567
24584
24645
24655
24658
24692
24742
24799
24842
24852
24878
24947
24978
24999
25034
25055
25079
25111
25112
25220
25319
25395
25399
25408
25470
25474
25577
25601
25703
25731
25752
25757
25850
25865
25876
25925
25935
25951
26020
26029
26071
26080
26109
26129
26137
26170
26224
26245
26315
26366
26386
26408
26413
26455
26599
26615
26616
26630
26633
26671
26730
26735
26919
26944
26970
27030
27051
27067
27080
27090
27100
27125
27137
27186
27208
27209
27223
27242
27247
27304
27327
27350
27386
27464
27507
27520
27521
27522
27528
27542
27570
27597
27621
27646
27702
27748
27764
27840
27883
27966
27974
27978
27980
27985
28012
28024
28046
28074
28082
28093
28105
28165
28189
28226
28276
28303
28380
28399
28422
28465
28507
28509
28538
28540
28554
28616
28694
28704
28708
28766
28778
28782
28849
28874
28899
29006
29007
29032
29034
29101
29128
29231
29267
29300
29357
29424
29427
29429
29458
29461
29521
29582
29603
29608
29612
29677
29714
29781
29875
29882
29894
29898
29918
29948
29961
29970
30007
30030
30055
30065
30073
30085
30097
30134
30142
30166
30192
30197
30222
30224
30227
30304
30358
30405
30458
30486
30507
30523
30556
30569
30634
30734
30772
30776
30788
30811
30841
30852
30885
30902
30921
31139
31158
31169
31189
31190
31218
31247
31278
31326
31379
31381
31487
31544
31568
31625
31678
31767
31844
31847
31857
31864
31879
31885
31948
31958
32083
32105
32126
32132
32147
32208
32210
32212
32237
32238
32257
32272
32294
32296
32329
32373
32406
32413
32520
32557
32568
32599
32604
32607
32623
32632
32694
32698
32716
32835
32884
33003
33012
33018
33023
33048
33081
33093
33117
33168
33194
33208
33227
33246
33271
33322
33345
33350
33406
33424
33475
33499
33564
33586
33598
33607
33610
33627
33641
33675
33708
33764
33811
33816
33858
33881
33898
33900
33901
33930
34003
34032
34079
34164
34194
34212
34217
34259
34280
34332
34447
34466
34553
34573
34578
34587
34695
34721
34722
34727
34734
34755
34777
34867
34906
34914
34915
34988
35005
35055
35076
35103
35156
35172
35200
35213
35268
35290
35354
35497
35508
35513
35532
35583
35607
35632
35698
35708
35718
35759
35764
35819
35848
35920
35953
35959
35971
36027
36032
36040
36055
36085
36120
36144
36170
36205
36208
36209
36232
36247
36342
36343
36355
36362
36452
36533
36553
36568
36606
36617
36640
36649
36686
36687
36696
36740
36768
36773
36781
36809
36816
36833
36837
36845
36850
36859
36864
36995
37023
37044
37065
37068
37081
37109
37184
37290
37334
37346
37376
37403
37457
37486
37516
37544
37569
37583
37657
37680
37720
37739
37744
37746
37752
37791
37839
37940
37997
38102
38105
38184
38192
38231
38283
38314
38316
38350
38352
38415
38427
38488
38523
38570
38572
38597
38697
38713
38755
38764
38808
38809
38839
38857
38878
38879
38900
38943
38967
38991
39056
39142
39215
39221
39234
39267
39316
39341
39466
39568
39586
39696
39703
39738
39761
39791
39796
39799
39850
39857
39884
39894
39959
39972
39984
40048
40067
40073
40127
40165
40176
40204
40262
40313
40338
40383
40393
40410
40422
40430
40432
40472
40492
40504
40507
40538
40565
40579
40694
40721
40725
40729
40735
40748
40753
40757
40767
40820
40828
40830
40848
40855
40886
40897
40947
40959
40994
41029
41030
41053
41156
41180
41246
41467
41506
41513
41556
41589
41620
41661
41668
41697
41699
41700
41702
41738
41764
41769
41775
41778
41792
41868
41886
41908
41922
41965
41966
42000
42013
42080
42137
42152
42161
42227
42511
42513
42526
42631
42639
42663
42694
42722
42758
42782
42814
42891
42899
42997
43032
43063
43074
43087
43103
43106
43148
43179
43244
43311
43399
43404
43468
43481
43486
43488
43500
43537
43604
43769
43774
43857
43858
43894
43914
43935
43969
44030
44032
44055
44137
44145
44258
44364
44365
44424
44458
44487
44529
44549
44577
44616
44626
44629
44676
44732
44746
44749
44759
44829
44891
44915
44920
44963
45007
45107
45128
45130
45138
45146
45153
45168
45244
45257
45316
45329
45402
45414
45468
45477
45483
45484
45491
45501
45530
45553
45565
45570
45615
45687
45701
45712
45719
45721
45734
45756
45763
45791
45798
45805
45812
45966
45968
45971
46014
46071
46114
46131
46136
46143
46169
46220
46240
46280
46333
46348
46425
46440
46464
46502
46540
46591
46610
46644
46650
46669
46713
46714
46719
46729
46784
46806
46863
46880
46897
47008
47023
47048
47068
47070
47119
47159
47169
47206
47240
47249
47271
47388
47404
47459
47502
47532
47570
47657
47688
47730
47732
47748
47794
47844
47902
47952
48034
48039
48057
48058
48070
48087
48089
48132
48165
48188
48195
48211
48221
48234
48239
48316
48355
48358
48374
48421
48473
48533
48606
48674
48719
48744
48747
48798
48877
48885
48955
48991
49001
49064
49065
49079
49088
49099
49111
49133
49145
49146
49266
49292
49376
49464
49555
49642
49662
49699
49726
49821
49833
49843
49871
49884
49893
49911
49919
49927
49946
50106
50148
50209
50226
50337
50359
50368
50380
50423
50437
50449
50458
50504
50660
50672
50696
50706
50732
50734
50752
50776
50804
50840
50904
50907
50915
50950
50985
51030
51071
51099
51144
51177
51196
51274
51320
51339
51382
51391
51400
51419
51423
51428
51439
51532
51545
51559
51572
51576
51617
51644
51651
51672
51682
51743
51744
51784
51801
51847
51856
51881
51892
51899
51909
51942
51954
51996
51998
52000
52023
52030
52051
52054
52098
52118
52120
52121
52148
52151
52157
52159
52165
52183
52190
52211
52230
52239
52276
52368
52396
52470
52502
52511
52522
52560
52583
52584
52587
52633
52686
52690
52718
52720
52778
52798
52812
52837
52854
52857
52867
52876
52881
52921
52929
52950
52995
53036
53086
53122
53150
53203
53204
53254
53273
53332
53364
53422
53454
53545
53654
53680
53731
53739
53761
53769
53773
53819
53822
53827
53846
53869
53896
53965
53992
54024
54066
54079
54093
54109
54140
54145
54204
54216
54273
54304
54305
54320
54325
54368
54396
54398
54445
54460
54478
54501
54542
54554
54557
54573
54592
54656
54664
54683
54703
54767
54787
54808
54882
54905
54966
54974
55046
55052
55086
55167
55179
55226
55262
55301
55420
55457
55505
55507
55541
55632
55655
55723
55825
55826
55836
55872
55892
55923
55943
55952
55972
55998
56115
56116
56118
56124
56153
56232
56237
56263
56369
56421
56441
56470
56577
56632
56646
56694
56704
56705
56731
56775
56779
56786
56811
56824
56831
56858
56953
56989
57006
57022
57028
57039
57069
57077
57091
57132
57145
57252
57259
57323
57353
57365
57373
57380
57390
57462
57467
57516
57635
57661
57695
57699
57726
57745
57807
57813
57818
57842
57860
57878
57998
58005
58024
58172
58262
58280
58326
58382
58416
58449
58469
58481
58517
58553
58560
58609
58624
58654
58678
58729
58804
58861
58868
58877
58887
58893
58901
58921
58950
59009
59021
59068
59076
59093
59229
59430
59431
59523
59587
59713
59714
59715
59803
59827
59850
59953
59997
60004
60073
60142
60147
60156
60160
60223
60273
60349
60373
60428
60500
60539
60544
60553
60692
60720
60745
60758
60900
60938
60982
61012
61014
61067
61068
61073
61117
61121
61271
61350
61362
61366
61410
61457
61467
61468
61469
61538
61552
61554
61560
61596
61620
61640
61648
61655
61686
61719
61741
61742
61851
61875
61878
61952
61963
61984
61997
62012
62120
62148
62168
62196
62227
62243
62256
62265
62326
62367
62371
62374
62479
62493
62497
62593
62598
62625
62708
62717
62721
62815
62833
62844
62866
62909
62923
63079
63171
63178
63187
63211
63257
63262
63321
63363
63376
63391
63392
63469
63490
63499
63504
63507
63628
63633
63669
63673
63713
63726
63806
63876
63901
63970
63973
64104
64160
64173
64182
64253
64330
64362
64395
64399
64407
64418
64429
64483
64496
64528
64543
64630
64681
64689
64719
64726
64744
64882
64936
64945
65078
65082
65123
65144
65192
65225
65252
65257
65260
65275
65289
65293
65305
65317
65331
65366
65391
65429
65437
65473
65482
65498
65503
65555
65569
65667
65681
65683
65809
65824
65846
65847
65869
65894
65926
65934
65991
65994
66092
66096
66142
66162
66172
66195
66238
66300
66378
66380
66395
66396
66409
66435
66468
66486
66492
66500
66504
66513
66569
66581
66599
66666
66673
66688
66703
66713
66747
66758
66770
66812
66813
66824
66881
66915
66966
66969
67013
67020
67113
67221
67274
67287
67311
67352
67353
67364
67377
67389
67407
67434
67443
67459
67546
67600
67620
67633
67660
67690
67771
67805
67870
67895
67938
67953
67991
68001
68018
68046
68092
68101
68130
68151
68169
68195
68261
68278
68371
68401
68444
68475
68514
68552
68579
68602
68608
68612
68639
68649
68674
68701
68702
68722
68796
68840
68912
68962
68969
69031
69064
69092
69111
69219
69252
69290
69301
69343
69422
69424
69484
69491
69508
69595
69691
69707
69776
69811
69821
69847
69920
69988
70005
70020
70128
70186
70209
70289
70378
70382
70476
70485
70504
70521
70623
70646
70690
70716
70735
70740
70756
70776
70779
70837
70865
70908
70990
70991
71056
71094
71160
71173
71197
71203
71209
71298
71302
71341
71357
71372
71426
71471
71551
71560
71564
71617
71866
71933
71936
71986
72051
72148
72156
72171
72193
72258
72264
72277
72281
72288
72333
72337
72339
72340
72350
72431
72434
72440
72603
72633
72671
72803
72804
72805
72816
72824
72896
72926
72961
72986
73011
73047
73103
73122
73123
73188
73204
73234
73253
73262
73434
73440
73480
73484
73598
73601
73616
73629
73640
73650
73704
73709
73743
73745
73875
73887
73889
73905
73947
73953
74011
74026
74059
74090
74095
74149
74152
74193
74293
74299
74330
74331
74337
74340
74343
74359
74417
74424
74505
74524
74527
74539
74582
74618
74694
74719
74826
74871
74883
74941
74944
75044
75083
75101
75162
75247
75264
75292
75295
75337
75362
75409
75428
75448
75449
75565
75638
75647
75662
75669
75723
75845
75861
75878
75904
75911
75967
76008
76020
76029
76073
76077
76202
76221
76290
76374
76395
76499
76562
76568
76614
76685
76737
76823
76825
76838
76846
76914
76925
76932
76936
77013
77019
77119
77168
77231
77247
77314
77317
77342
77354
77404
77431
77483
77545
77546
77655
77750
77807
77858
78063
78074
78177
78205
78336
78347
78348
78379
78380
78386
78394
78434
78435
78473
78510
78566
78573
78584
78595
78620
78626
78631
78636
78662
78663
78685
78689
78741
78746
78775
78808
78950
79048
79067
79076
79109
79124
79195
79221
79253
79261
79274
79329
79331
79357
79363
79460
79544
79612
79624
79647
79805
79828
79833
79868
79891
80009
80013
80024
80048
80125
80161
80233
80256
80334
80352
80361
80406
80428
80431
80445
80459
80474
80485
80511
80519
80548
80605
80641
80814
80829
80857
80884
80964
81021
81091
81106
81115
81121
81142
81156
81181
81197
81221
81369
81442
81500
81594
81614
81662
81960
81978
81981
82006
82028
82204
82229
82350
82423
82432
82434
82436
82458
82462
82464
82599
82617
82631
82939
82941
82964
83085
83101
83258
83289
83307
83340
83400
83498
83552
83569
83574
83646
83703
83708
83853
83863
83916
83945
83991
84022
84099
84152
84153
84171
84204
84211
84289
84350
84406
84472
84513
84519
84576
84598
84646
84650
84783
84790
84791
84807
84838
84964
84970
84975
85059
85130
85138
85185
85197
85305
85344
85353
85366
85388
85415
85503
85535
85579
85591
85646
85677
85678
85777
85835
85890
85893
85908
85958
86083
86093
86115
86161
86293
86362
86378
86386
86419
86473
86492
86494
86495
86498
86564
86580
86611
86670
86691
86700
86713
86731
86744
86748
86754
86791
86828
86831
86870
86969
86970
87026
87067
87112
87160
87211
87215
87241
87300
87378
87410
87544
87565
87566
87587
87591
87593
87595
87626
87775
87820
87839
87850
87928
87934
87977
87982
87998
88155
88185
88219
88237
88264
88267
88279
88284
88298
88333
88338
88367
88409
88505
88687
88724
88756
88820
88841
88894
88976
89003
89006
89025
89080
89092
89118
89125
89162
89176
89297
89333
89334
89342
89346
89412
89457
89520
89539
89629
89659
89675
89700
89764
89801
89861
89901
89903
89918
89982
90028
90080
90267
90455
90513
90629
90675
90735
90738
90834
90864
90887
90934
91011
91048
91131
91258
91276
91284
91304
91370
91406
91452
91508
91546
91599
91663
91665
91726
91765
91789
91826
91854
91857
91864
91883
91932
92011
92069
92076
92106
92146
92221
92263
92333
92696
92708
92855
92863
92933
92937
92962
92964
93025
93194
93214
93259
93267
93308
93360
93406
93444
93456
93485
93511
93522
93550
93584
93642
93676
93701
93774
93989
94077
94089
94107
94251
94266
94280
94291
94328
94343
94387
94409
94423
94437
94446
94528
94558
94580
94581
94667
94712
94752
94765
94783
94859
94872
94921
94967
95011
95021
95027
95042
95107
95204
95220
95222
95241
95246
95327
95335
95425
95475
95506
95672
95805
95919
95956
95969
95992
96000
96038
96159
96186
96198
96225
96238
96285
96337
96364
96366
96374
96452
96496
96647
96757
96789
96808
96893
96965
97198
97228
97230
97275
97322
97399
97400
97512
97530
97545
97549
97652
97752
97810
97965
97985
98083
98110
98146
98187
98225
98330
98336
98404
98408
98497
98516
98549
98562
98613
98656
98679
98752
98755
98774
98805
98831
98842
98844
98911
98959
98969
98976
99077
99119
99157
99223
99242
99254
99439
99447
99472
99484
99532
99549
99617
99761
99796
99806
99902
99910
99946
99986
