00034
00060
00065
00139
00145
00247
00269
00385
00578
00604
00723
00761
00781
00863
00898
00901
00922
01122
01156
01179
01197
01199
01213
01229
01252
01263
01286
01295
01305
01435
01438
01464
01515
01617
01648
01696
01707
01725
01768
01808
01835
01919
01959
01968
02028
02041
02069
02094
02136
02138
02158
02164
02322
02377
02433
02474
02546
02567
02624
02629
02693
02694
02754
02777
02809
02856
02863
02867
02933
03004
03059
03114
03185
03190
03365
03382
03495
03535
03541
03611
03629
03630
03718
03722
03738
03758
03847
03854
04006
04015
04079
04176
04221
04227
04261
04277
04317
04344
04477
04521
04568
04579
04588
04591
04735
04771
04788
04821
04900
05002
05031
05171
05179
05211
05212
05229
05353
05399
05481
05484
05509
05561
05567
05568
05635
05655
05674
05689
05892
05900
05929
05948
06008
06022
06031
06034
06047
06244
06275
06428
06440
06444
06490
06515
06639
06661
06676
06713
06756
06763
06765
06789
06867
06875
06877
06952
06988
06992
06997
07004
07013
07034
07048
07090
07130
07158
07212
07256
07284
07302
07423
07445
07450
07456
07478
07536
07569
07573
07579
07620
07627
07637
07771
07908
08013
08032
08066
08120
08231
08262
08312
08313
08476
08508
08518
08558
08600
08639
08644
08647
08759
08789
08824
08841
08872
08879
08912
08995
09001
09013
09026
09085
09269
09281
09300
09317
09375
09405
09424
09436
09456
09540
09574
09640
09756
09819
09869
09900
09917
09980
09992
10054
10062
10130
10159
10160
10168
10210
10212
10218
10237
10241
10271
10283
10289
10295
10417
10426
10512
10513
10653
10727
10885
10891
11039
11104
11128
11167
11196
11254
11446
11510
11521
11572
11587
11653
11659
11855
11869
11890
12025
12039
12086
12088
12188
12189
12286
12299
12323
12416
12471
12509
12531
12553
12570
12575
12663
12676
12692
12705
12789
12795
12810
12862
12863
12882
12895
12904
12956
12972
13040
13087
13107
13108
13121
13139
13165
13243
13266
13471
13579
13591
13593
13715
13728
13800
13849
13863
13869
13883
13908
14040
14048
14167
14176
14214
14230
14231
14264
14276
14281
14355
14376
14379
14389
14445
14459
14487
14488
14513
14576
14688
14748
14774
14793
14810
14851
14877
14920
14974
15019
15076
15093
15095
15134
15175
15218
15248
15300
15307
15314
15322
15342
15359
15535
15570
15616
15719
15855
15878
15913
15923
15965
15995
16030
16102
16111
16118
16133
16218
16278
16292
16320
16403
16406
16459
16495
16615
16860
16917
16919
16952
17042
17202
17237
17262
17269
17327
17375
17403
17432
17463
17474
17530
17625
17693
17777
18041
18074
18117
18138
18147
18166
18169
18184
18247
18249
18392
18395
18431
18442
18511
18527
18530
18582
18701
18709
18712
18727
18753
18816
18855
18907
18914
18925
18961
18963
18983
18992
18996
19054
19154
19159
19252
19318
19356
19367
19421
19433
19500
19529
19574
19582
19607
19707
19765
19773
19790
19819
19837
19959
19961
19982
20049
20107
20169
20301
20343
20374
20429
20430
20485
20499
20526
20542
20591
20783
20789
20809
20830
20838
20965
20967
21070
21184
21204
21215
21248
21261
21297
21355
21399
21401
21451
21476
21491
21648
21702
21773
21789
21960
22003
22038
22088
22179
22265
22269
22321
22356
22463
22507
22531
22633
22720
22777
22802
22817
22884
22943
22970
22985
23019
23131
23161
23228
23257
23281
23290
23291
23438
23496
23511
23526
23620
23640
23690
23699
23780
23797
23840
23849
23855
23870
23916
23934
23941
23997
24009
24087
24134
24191
24234
24280
24304
24326
24337
24385
24471
24500
24523
24586
24646
24692
24724
24829
24843
24886
25027
25066
25127
25183
25207
25247
25286
25320
25401
25410
25417
25432
25519
25531
25614
25695
25713
25730
25829
26041
26084
26197
26204
26206
26238
26253
26318
26392
26408
26426
26458
26498
26538
26575
26591
26608
26669
26683
26730
26733
26796
26869
26934
26940
26961
26962
26968
27226
27238
27249
27284
27332
27356
27476
27501
27525
27778
27780
27797
27826
27827
27849
27897
27917
27970
28047
28049
28083
28091
28111
28132
28164
28201
28393
28402
28465
28479
28489
28507
28619
28626
28649
28664
28749
28757
28784
28803
28885
28964
28988
29016
29044
29078
29081
29130
29167
29183
29227
29246
29343
29369
29508
29665
29698
29704
29719
29746
29764
29799
29851
29863
29880
29886
30103
30108
30193
30197
30224
30334
30384
30461
30511
30515
30530
30607
30690
30745
30769
30790
30877
31015
31046
31102
31124
31139
31179
31182
31236
31244
31261
31271
31355
31393
31415
31432
31452
31462
31483
31615
31628
31661
31720
31746
31767
31823
31861
31898
31913
31927
31957
31968
32000
32040
32051
32057
32116
32130
32225
32226
32233
32238
32269
32307
32337
32350
32352
32402
32404
32409
32439
32532
32553
32585
32596
32597
32638
32831
32903
33027
33069
33079
33081
33154
33214
33220
33284
33354
33403
33449
33462
33490
33500
33505
33574
33600
33700
33707
33846
33856
33908
33950
34023
34036
34045
34071
34104
34111
34133
34141
34185
34217
34222
34223
34224
34231
34321
34393
34501
34534
34544
34557
34571
34650
34655
34707
34733
34738
34745
34821
34962
34995
35046
35078
35092
35153
35210
35225
35243
35253
35259
35267
35270
35320
35349
35357
35364
35375
35406
35506
35539
35586
35597
35623
35647
35659
35675
35685
35695
35735
35785
35824
35892
35956
35990
36000
36042
36139
36167
36268
36315
36362
36407
36652
36657
36768
36808
36861
36917
36935
36958
37034
37047
37055
37164
37201
37274
37397
37415
37418
37421
37434
37486
37526
37653
37678
37718
37745
37773
37818
37850
37938
37943
37989
38044
38093
38130
38133
38137
38177
38199
38278
38307
38338
38342
38379
38435
38466
38507
38553
38571
38651
38684
38731
38830
38850
38904
38911
38917
38958
38974
38978
39000
39008
39037
39069
39123
39124
39130
39151
39237
39261
39264
39274
39309
39321
39337
39338
39406
39422
39426
39455
39489
39497
39504
39508
39509
39511
39559
39567
39576
39655
39675
39830
39840
39845
39868
39927
40017
40061
40081
40089
40131
40186
40204
40224
40254
40300
40466
40506
40613
40646
40687
40716
40737
40893
40989
41005
41007
41010
41033
41121
41170
41178
41222
41240
41249
41271
41278
41304
41335
41340
41427
41433
41470
41494
41553
41672
41717
41771
41786
41810
41830
41876
41916
41917
41979
42002
42053
42074
42115
42160
42163
42166
42218
42235
42297
42379
42451
42528
42578
42591
42619
42631
42635
42658
42672
42673
42729
42763
42764
42787
42819
42844
42867
42896
42927
42939
42948
42958
42969
43056
43069
43171
43274
43277
43306
43333
43339
43394
43423
43477
43506
43507
43617
43625
43712
43731
43800
43809
43812
43941
43973
43986
44093
44121
44176
44282
44311
44411
44428
44435
44489
44508
44554
44593
44649
44663
44675
44711
44741
44755
44792
44818
44890
44965
45111
45126
45217
45254
45257
45286
45297
45324
45375
45383
45390
45462
45513
45542
45634
45652
45671
45677
45690
45821
45846
45879
45901
45905
45908
46032
46073
46158
46168
46177
46236
46326
46331
46433
46505
46510
46518
46544
46561
46586
46590
46781
46817
46824
46855
46862
46894
46895
46900
46977
47033
47043
47058
47092
47100
47129
47291
47298
47450
47457
47481
47562
47580
47598
47603
47652
47717
47735
47765
47801
47827
47907
47993
48028
48047
48059
48060
48093
48125
48179
48261
48281
48296
48320
48347
48367
48429
48455
48515
48566
48608
48683
48745
48777
48784
48793
48856
48857
48913
48963
48974
48977
49009
49098
49200
49220
49224
49280
49309
49328
49338
49342
49388
49423
49505
49532
49538
49543
49548
49558
49567
49634
49953
49976
49989
50018
50024
50122
50218
50284
50295
50338
50397
50413
50494
50531
50750
50824
50856
50883
51019
51066
51240
51305
51312
51315
51321
51405
51502
51617
51715
51722
51772
51781
51799
51814
51865
51944
51956
52098
52138
52199
52200
52250
52283
52355
52389
52409
52431
52493
52549
52580
52641
52663
52681
52752
52771
52788
52855
52882
52895
52946
52974
53015
53053
53063
53084
53105
53142
53165
53180
53193
53210
53354
53381
53397
53463
53474
53547
53604
53612
53649
53720
53736
53754
53779
53796
53857
53893
53934
53942
54006
54020
54058
54154
54267
54323
54345
54396
54428
54470
54522
54578
54580
54611
54619
54649
54652
54746
54823
54904
54926
54944
54978
54987
55008
55043
55046
55098
55100
55116
55156
55165
55181
55199
55255
55267
55279
55304
55350
55354
55366
55371
55382
55491
55508
55642
55704
55749
55757
55772
55858
55871
55873
55889
55956
55997
56011
56174
56339
56360
56396
56405
56407
56439
56445
56448
56481
56501
56571
56619
56645
56672
56683
56687
56715
56722
56786
56815
56816
56891
56924
56940
57027
57035
57059
57124
57155
57185
57241
57396
57447
57488
57583
57600
57610
57613
57655
57708
57722
57746
57769
57797
57846
57921
57956
58033
58058
58143
58150
58247
58282
58293
58332
58344
58384
58390
58496
58518
58597
58599
58612
58645
58646
58686
58862
58914
59138
59140
59152
59194
59216
59362
59393
59398
59424
59447
59487
59517
59526
59529
59551
59558
59566
59723
59741
59794
59821
59871
59896
59902
59935
59973
59997
60033
60035
60152
60222
60242
60245
60297
60380
60442
60455
60516
60527
60585
60608
60653
60722
60743
60765
60840
60921
60985
61020
61036
61067
61069
61091
61094
61116
61147
61156
61160
61180
61231
61327
61328
61526
61594
61595
61604
61675
61760
61767
61804
61844
61898
61980
62055
62082
62104
62151
62262
62404
62435
62530
62554
62561
62563
62589
62635
62680
62715
62727
62737
62738
62783
62799
62819
62858
62875
62988
63071
63093
63094
63118
63205
63244
63350
63443
63453
63475
63481
63488
63502
63521
63634
63635
63639
63759
63773
63827
63835
63925
63932
63981
64068
64159
64208
64253
64262
64323
64342
64370
64428
64463
64478
64502
64517
64548
64598
64602
64620
64646
64650
64681
64719
64800
64816
64841
64844
64887
65143
65163
65165
65287
65293
65303
65314
65375
65415
65532
65543
65576
65590
65669
65871
65980
66044
66156
66166
66184
66197
66213
66223
66234
66281
66303
66368
66370
66397
66542
66649
66670
66691
66692
66730
66740
66765
66840
66845
66933
66945
66964
67015
67138
67158
67229
67230
67291
67314
67384
67399
67425
67482
67508
67588
67621
67636
67637
67700
67756
67790
67842
67854
67865
67901
67906
67958
67962
67963
67978
68050
68205
68219
68228
68254
68263
68367
68374
68573
68600
68603
68640
68756
68759
68812
68819
68832
68909
68994
69112
69311
69341
69357
69367
69486
69496
69509
69572
69594
69623
69629
69640
69780
69829
69927
69942
69954
69962
70015
70140
70185
70207
70220
70250
70273
70275
70289
70300
70370
70429
70442
70446
70611
70647
70749
70818
70867
70875
70920
70939
70943
70958
70996
71027
71052
71177
71203
71270
71287
71294
71339
71389
71396
71410
71587
71693
71706
71727
71728
71754
71769
71840
71915
71951
71973
72014
72070
72190
72285
72425
72537
72579
72580
72595
72672
72718
72773
72796
72878
72885
72890
72919
72940
73017
73041
73154
73161
73180
73285
73363
73372
73414
73435
73437
73554
73562
73625
73661
73686
73790
73820
73851
73896
73967
73972
74006
74018
74090
74107
74130
74246
74263
74307
74338
74439
74443
74488
74502
74538
74549
74567
74573
74592
74618
74744
74759
75007
75053
75093
75139
75140
75236
75248
75268
75346
75405
75424
75437
75487
75547
75627
75824
75868
75880
75932
76133
76144
76169
76172
76266
76371
76416
76433
76501
76507
76531
76550
76583
76743
77095
77124
77171
77212
77223
77241
77245
77285
77303
77365
77369
77384
77386
77455
77502
77504
77511
77513
77674
77780
77821
77965
77976
78009
78022
78122
78125
78177
78184
78214
78256
78315
78327
78435
78449
78469
78473
78477
78488
78509
78574
78577
78595
78617
78642
78662
78761
78762
78788
78851
78914
78931
78944
79017
79093
79129
79140
79187
79229
79262
79292
79304
79348
79392
79420
79468
79483
79492
79511
79537
79538
79686
79701
79705
79736
79908
79918
79944
79997
80016
80058
80062
80134
80146
80326
80343
80397
80494
80556
80595
80604
80651
80727
80730
80740
80748
80768
80788
80909
80951
81039
81064
81078
81090
81112
81171
81204
81206
81249
81269
81275
81320
81332
81335
81336
81358
81367
81418
81429
81465
81471
81479
81541
81551
81567
81599
81627
81629
81632
81666
81721
81729
81736
81761
81806
81816
81852
81878
81930
81954
81964
81985
81998
82011
82012
82026
82149
82269
82287
82364
82460
82477
82496
82587
82590
82619
82636
82637
82722
82825
82843
82885
82937
82957
82959
82985
83010
83048
83106
83147
83157
83286
83361
83368
83384
83453
83494
83500
83568
83603
83630
83653
83699
83737
83893
83903
83921
83992
84010
84014
84038
84046
84056
84071
84232
84252
84283
84285
84379
84423
84475
84487
84499
84530
84559
84644
84649
84708
84710
84713
84734
84745
84752
84766
84819
84852
84863
84917
84942
84954
84959
85023
85058
85086
85185
85214
85305
85325
85410
85459
85523
85585
85587
85599
85619
85681
85706
85929
86006
86117
86128
86172
86198
86205
86262
86269
86273
86288
86340
86343
86372
86377
86417
86485
86487
86530
86549
86554
86600
86633
86656
86658
86683
86823
86834
87024
87025
87035
87096
87131
87169
87198
87221
87247
87249
87352
87383
87392
87474
87549
87635
87636
87650
87663
87702
87714
87716
87751
87754
87809
87810
87829
87848
87856
87877
87909
87914
87933
88022
88028
88205
88293
88294
88303
88321
88374
88376
88472
88537
88541
88592
88602
88640
88651
88714
88744
88778
88814
88865
88866
88869
88875
88931
88947
88953
88956
89040
89064
89111
89175
89183
89225
89240
89257
89322
89389
89407
89469
89514
89549
89576
89578
89607
89609
89792
89797
89842
89853
89860
89864
89892
89894
89910
89930
89976
90091
90336
90494
90498
90509
90565
90579
90589
90608
90730
90838
90843
90892
90905
90948
90955
90972
91075
91100
91122
91177
91201
91252
91266
91290
91361
91363
91436
91486
91512
91517
91567
91572
91607
91610
91615
91688
91704
91737
91762
91826
91854
91899
91920
91939
92051
92083
92150
92157
92192
92201
92296
92335
92336
92421
92450
92470
92483
92507
92512
92564
92629
92677
92692
92707
92780
92834
92842
92993
93000
93037
93067
93099
93109
93111
93136
93148
93154
93177
93205
93241
93283
93296
93330
93427
93452
93461
93518
93550
93570
93576
93579
93670
93689
93802
93852
93942
93971
93994
94011
94022
94103
94176
94191
94201
94289
94294
94311
94355
94357
94374
94389
94457
94509
94531
94587
94703
94746
94747
94840
94856
94916
94955
95010
95031
95097
95108
95139
95155
95242
95256
95291
95313
95336
95352
95362
95427
95460
95478
95505
95565
95571
95580
95581
95612
95636
95640
95758
95880
95906
95952
95961
95994
96009
96065
96083
96151
96171
96289
96295
96316
96326
96335
96348
96420
96433
96508
96527
96529
96530
96623
96640
96663
96718
96778
96800
96878
96922
96950
96985
97019
97066
97076
97276
97320
97341
97369
97378
97398
97404
97454
97469
97472
97500
97504
97514
97556
97572
97580
97616
97632
97637
97662
97695
97715
97720
97753
97756
97853
97898
97907
97986
98008
98030
98044
98071
98111
98144
98161
98178
98262
98334
98359
98377
98388
98508
98594
98655
98663
98692
98697
98895
98939
98979
98993
99021
99196
99233
99251
99374
99384
99410
99437
99439
99475
99495
99574
99601
99621
99626
99648
99660
99715
99739
99764
99824
99888
99890
