00001
00052
00066
00094
00163
00168
00191
00248
00288
00295
00362
00372
00419
00461
00465
00476
00497
00499
00519
00538
00582
00611
00613
00660
00701
00874
00957
00965
00980
01000
01015
01082
01161
01189
01196
01203
01221
01274
01293
01364
01371
01403
01404
01412
01433
01445
01565
01606
01691
01740
01810
01837
01901
01946
01954
01974
02015
02039
02062
02167
02190
02271
02294
02310
02346
02369
02390
02396
02486
02565
02633
02649
02651
02669
02684
02708
02718
02731
02859
02861
02866
02926
02955
03063
03072
03077
03129
03156
03161
03233
03263
03318
03335
03365
03390
03418
03511
03535
03550
03555
03564
03616
03625
03740
03779
03960
03961
03963
03999
04041
04055
04063
04078
04126
04174
04223
04238
04292
04296
04392
04429
04450
04480
04569
04570
04601
04621
04651
04661
04833
04864
04943
04952
04978
05032
05055
05074
05098
05101
05122
05124
05203
05205
05209
05267
05359
05377
05432
05456
05475
05500
05519
05544
05548
05583
05585
05721
05730
05739
05889
05892
05903
05985
05990
06017
06024
06035
06062
06063
06224
06313
06380
06381
06463
06474
06495
06552
06559
06632
06692
06694
06704
06711
06779
06784
06871
06911
06976
06987
07047
07060
07074
07096
07160
07169
07272
07334
07390
07395
07458
07474
07475
07591
07700
07706
07709
07727
07772
07777
07820
07846
07911
07915
07942
07944
08004
08029
08034
08118
08120
08155
08174
08197
08242
08253
08276
08324
08330
08362
08372
08387
08442
08455
08491
08493
08531
08537
08542
08550
08582
08595
08612
08648
08694
08756
08775
08826
08829
08905
08911
08915
08932
08974
08986
09011
09035
09132
09165
09249
09278
09325
09368
09371
09399
09502
09533
09534
09562
09615
09636
09708
09732
09754
09950
09959
10048
10112
10126
10203
10212
10225
10243
10251
10257
10368
10437
10469
10472
10490
10503
10508
10513
10526
10563
10572
10620
10635
10658
10662
10704
10714
10737
10749
10754
10803
10806
10817
10839
10857
10879
10924
10945
10949
10999
11022
11037
11168
11176
11182
11257
11271
11287
11343
11373
11415
11428
11429
11432
11446
11513
11563
11627
11645
11716
11755
11767
11796
11815
11818
11831
11858
11866
11874
11885
11963
11993
12019
12105
12113
12133
12167
12179
12346
12351
12356
12375
12384
12399
12448
12483
12503
12520
12552
12566
12588
12636
12717
12723
12742
12756
12765
12810
12825
12841
12869
12889
12947
12949
12955
12963
12990
13029
13061
13121
13140
13144
13163
13167
13188
13205
13242
13250
13262
13275
13290
13334
13346
13350
13366
13377
13380
13438
13463
13498
13546
13548
13586
13765
13819
13920
13936
13990
14073
14082
14122
14140
14203
14243
14260
14321
14403
14416
14484
14561
14571
14578
14589
14650
14701
14735
14756
14776
14798
14867
14870
14892
14941
14942
14952
15043
15144
15189
15207
15213
15258
15384
15500
15545
15566
15584
15663
15667
15687
15716
15722
15789
15800
15805
15810
15813
15836
15851
15895
15896
15939
15942
16014
16017
16024
16155
16191
16198
16206
16220
16225
16309
16323
16425
16426
16429
16477
16557
16624
16625
16660
16700
16755
16777
16803
16807
16866
16898
16927
17014
17043
17051
17086
17126
17141
17150
17174
17313
17368
17389
17390
17434
17448
17470
17532
17602
17687
17702
17772
17779
17816
17842
17968
17999
18073
18077
18106
18114
18183
18184
18290
18298
18363
18452
18478
18479
18499
18500
18573
18579
18632
18651
18810
18845
18903
18965
18977
19012
19029
19068
19140
19159
19230
19289
19290
19351
19382
19413
19424
19463
19492
19539
19670
19671
19675
19703
19748
19768
19824
19953
19965
20014
20032
20061
20064
20090
20095
20103
20159
20174
20286
20343
20393
20394
20395
20495
20567
20568
20668
20720
20729
20752
20819
20833
20841
20851
20882
20949
20998
21127
21242
21254
21289
21313
21314
21381
21401
21455
21538
21585
21596
21598
21605
21657
21740
21807
21841
21889
21894
21943
21987
22050
22144
22186
22216
22250
22264
22280
22329
22354
22364
22563
22589
22598
22639
22641
22647
22654
22731
22762
22821
22909
22997
23012
23021
23092
23238
23289
23297
23310
23398
23444
23447
23463
23499
23566
23601
23702
23708
23712
23732
23768
23786
23791
23841
23899
23956
23962
23989
24043
24286
24316
24377
24393
24416
24421
24485
24492
24526
24621
24628
24643
24666
24786
24898
24937
25035
25086
25104
25169
25199
25300
25324
25337
25483
25585
25683
25806
25822
25838
25894
25992
26011
26026
26055
26077
26103
26120
26214
26283
26335
26398
26566
26588
26590
26593
26673
26730
26757
26875
26884
26890
26892
26898
26949
26953
26983
27024
27054
27109
27179
27185
27336
27351
27431
27556
27568
27602
27623
27625
27670
27819
27900
27949
27952
28061
28073
28085
28106
28170
28256
28270
28395
28486
28514
28567
28612
28613
28630
28676
28731
28742
28749
28788
28815
28861
28864
28944
28964
28968
29184
29229
29258
29293
29294
29308
29685
29706
29789
29809
29874
29892
29943
30053
30133
30166
30188
30260
30394
30475
30481
30509
30543
30546
30618
30626
30658
30718
30840
30873
30947
30950
31019
31070
31148
31172
31208
31258
31358
31437
31438
31473
31630
31632
31718
31803
31805
31903
31927
31989
31993
32014
32081
32165
32186
32245
32261
32647
32664
32696
32748
32770
32945
32999
33109
33156
33261
33325
33417
33419
33420
33468
33496
33525
33541
33564
33601
33643
33678
33700
33710
33752
33857
33870
33880
33931
33933
33961
33987
34162
34172
34286
34339
34341
34432
34494
34578
34618
34702
34777
34836
34845
34911
34937
35060
35139
35160
35234
35240
35368
35375
35379
35390
35402
35438
35482
35498
35510
35535
35577
35690
35739
35852
35911
35999
36136
36140
36232
36295
36401
36417
36559
36566
36633
36663
37015
37037
37051
37135
37252
37274
37295
37358
37372
37413
37506
37671
37692
37736
37748
37877
37905
37917
38104
38148
38239
38273
38332
38379
38444
38587
38599
38693
38731
38847
38854
38903
39183
39204
39365
39470
39537
39572
39592
39719
39806
39825
39940
40035
40038
40192
40203
40206
40335
40469
40505
40563
40767
41035
41052
41071
41100
41120
41182
41218
41232
41269
41281
41330
41430
41438
41483
41495
41545
41609
41620
41667
41704
41809
41811
42307
42384
42415
42433
42451
42683
42737
43010
43140
43154
43236
43448
43529
43538
43647
43779
43781
43782
43834
43929
44003
44174
44177
44227
44553
44572
44729
44798
44842
44847
44856
44869
45078
45104
45271
45294
45376
45421
45481
45559
45611
45639
45681
45750
45951
45954
45984
46004
46018
46354
46402
46552
46722
46762
46770
46972
46999
47008
47113
47276
47318
47336
47402
47493
47580
47830
47959
48222
48436
48505
48637
48687
48748
48837
49071
49143
49155
49308
49420
49467
49514
49836
49889
50021
50085
50258
50322
50357
50657
50682
50721
50789
50918
51086
51113
51122
51143
51433
51507
51528
51712
51869
52047
52124
52310
52375
52606
52802
52990
53040
53050
53131
53154
53173
53183
53449
53498
53810
53832
53939
53980
54114
54302
54539
54615
54627
54762
55161
55241
55263
55303
55333
55492
55493
55730
56137
56265
56282
56715
56953
56978
57026
57042
57088
57694
57754
57794
57835
57921
58072
58292
58456
58571
58731
58736
59048
59142
59713
59769
59919
60039
60545
61450
61520
61601
61877
62307
62658
63221
63477
63764
64186
64319
64740
64828
65450
66347
66616
