210282466 39.0691388 0 
210282468 50.65501835 0 
210282470 57.1324854 0 
210282472 42.97196595 0 
210282473 36.92360555 0 
210282474 0.63344315 0 
210282475 19.0032945 0 
210282476 1.0625498 0 
210282477 1.77772755 0 
210282478 1.57339105 0 
210282479 2.3294361 0 
210282480 0.817346 0 
210282481 17.22556695 0 
210282482 1.0625498 0 
210282483 0.817346 0 
210282484 0.817346 0 
210282485 1.0625498 0 
210282486 1.53252375 0 
210282487 14.7939626 0 
210282488 2.30900245 0 
210282489 47.2834661 0 
210282491 4.10716365 0 
