201600024 59.19628405 0 
201600033 30.13963375 0 
201600105 31.6312902 0 
201600142 67.32887675 0 
201600178 24.74515015 0 
201600189 19.616304 0 
201600202 25.48076155 0 
201600206 66.0006895 0 
201600223 69.49484365 0 
201600241 62.38393345 0 
201600267 44.3818878 0 
201600283 65.40811365 0 
201600334 62.71087185 0 
201600371 48.36644955 0 
201600374 40.47906065 0 
201600400 2.6972418 0 
201600407 49.6946368 0 
201600408 18.9624272 0 
201600441 37.57748235 0 
201600469 30.13963375 0 
201600550 66.51153075 0 
201600555 64.2842629 0 
201600585 53.43399475 0 
201600590 1.65512565 0 
201600615 27.19718815 0 
201600674 59.8705945 0 
201600690 29.1383849 0 
201600691 18.5537542 0 
201600840 52.8822862 0 
201600846 1.08298345 0 
201600885 46.6295893 0 
201600917 55.0482531 0 
201600923 5.2718817 0 
201600929 62.99694295 0 
201601006 26.4820104 0 
201601019 29.73096075 0 
201601070 42.60416025 0 
201601122 53.59746395 0 
201601126 59.93189545 0 
201601138 26.4002758 0 
201601162 9.13384155 0 
201601323 29.40402235 0 
201601339 1.90032945 0 
201601533 1.69599295 0 
201601537 6.31399785 0 
201601544 49.3676984 0 
201601572 11.17720655 0 
201601581 49.2859638 0 
201601634 54.4761109 0 
201601684 58.3176371 0 
201601735 2.4111707 0 
201601745 0.7356114 0 
201601754 35.5136837 0 
201601759 58.5628409 0 
201601776 34.4102666 0 
201601780 63.9164572 0 
201601791 35.77932115 0 
201601803 40.60166255 0 
201601807 33.36815045 0 
201601861 34.71677135 0 
201601884 58.3585044 0 
201601900 45.30140205 0 
201601996 32.6121054 0 
201602005 3.98456175 0 
201602072 2.2885688 0 
201602077 46.180049 0 
201602090 50.08287615 0 
201602141 36.0858259 0 
201602162 47.79430735 0 
201602170 28.9340484 0 
201602213 2.043365 0 
201602235 40.76513175 0 
201602244 63.344315 0 
201602321 52.1058075 0 
201602332 57.56159205 0 
201602349 65.85765395 0 
201602367 58.41980535 0 
201602375 0.9808152 0 
201602437 10.15552405 0 
201602470 0.91951425 0 
201602489 45.50573855 0 
201602541 16.6738584 0 
201602578 67.41061135 0 
201602643 67.41061135 0 
201602648 30.9774134 0 
201602813 44.89272905 0 
201602818 49.63333585 0 
201602820 57.23465365 0 
201602837 31.3043518 0 
201602845 2.14553325 0 
201602854 56.86684795 0 
201602931 27.2584891 0 
201603013 31.6721575 0 
201603017 62.2817652 0 
201603079 8.72516855 0 
201603116 30.79351055 0 
201603124 34.67590405 0 
201603134 30.42570485 0 
201603178 30.2826693 0 
201603203 34.8189396 0 
201603234 34.9824088 0 
201603264 33.08207935 0 
201603276 32.1216978 0 
201603336 2.6563745 0 
201603347 26.62504595 0 
201603381 1.94119675 0 
201603386 37.65921695 0 
201603397 46.03701345 0 
201603408 24.3160435 0 
201603465 11.4837113 0 
201603492 35.963224 0 
201603508 1.69599295 0 
201603552 68.0849218 0 
201603563 56.13123655 0 
201603595 13.0366687 0 
201603672 27.85106495 0 
201603699 43.9732148 0 
201603733 49.22466285 0 
201603766 31.3452191 0 
201603829 31.5495556 0 
201603840 42.7471958 0 
201603846 40.2951578 0 
201603909 38.1700582 0 
201603965 47.6104045 0 
201603968 57.6637603 0 
201604025 30.34397025 0 
201604026 26.62504595 0 
201604033 18.7580907 0 
201604056 3.69849065 0 
201604058 1.226019 0 
201604123 63.344315 0 
201604185 4.495403 0 
201604216 60.42230305 0 
201604234 60.1566656 0 
201604246 31.1817499 0 
201604258 37.41401315 0 
201604356 50.24634535 0 
201604364 47.99864385 0 
201604406 7.1517775 0 
201604420 49.46986665 0 
201604449 30.0374655 0 
201604498 0.7764787 0 
201604563 27.2176218 0 
201604586 30.91611245 0 
201604595 63.5895188 0 
201604656 55.68169625 0 
201604660 32.14213145 0 
201604688 62.2000306 0 
201604713 30.26223565 0 
201604716 51.6562672 0 
201604724 45.1174992 0 
201604725 32.3669016 0 
201604735 26.74764785 0 
201604811 0.9399479 0 
201604947 29.5879252 0 
201605041 21.39403155 0 
201605052 30.3644039 0 
201605103 62.935642 0 
201605129 31.2226172 0 
201605143 56.6012105 0 
201605150 35.53411735 0 
201605198 58.440239 0 
201605235 37.94528805 0 
201605268 37.53661505 0 
201605328 58.29720345 0 
201605484 38.39482835 0 
201605497 28.70927825 0 
201605536 2.860711 0 
201605670 55.43649245 0 
201605724 69.7196138 0 
201605764 2.3294361 0 
201605781 43.8914802 0 
201605792 38.415262 0 
201605857 10.72766625 0 
201605920 27.9532332 0 
201605924 35.8406221 0 
201605933 47.09956325 0 
201605935 16.0608489 0 
201605960 60.54490495 0 
201605964 33.6746552 0 
201606007 1.4712228 0 
201606010 51.96277195 0 
201606022 67.2267085 0 
201606030 60.38143575 0 
201606037 59.8705945 0 
201606153 1.9616304 0 
201606183 50.49154915 0 
201606210 49.1633619 0 
201606248 21.55750075 0 
201606391 42.84936405 0 
201606458 28.66841095 0 
201606542 13.6496782 0 
201606551 60.5244713 0 
201606640 60.46317035 0 
201606710 31.61085655 0 
201606714 15.63174225 0 
201606738 55.2117223 0 
201606740 55.19128865 0 
201606760 19.39153385 0 
201606860 15.46827305 0 
201606870 33.1842476 0 
201606907 68.5753294 0 
201606971 58.7671774 0 
201607017 54.41480995 0 
201607049 13.1592706 0 
201607069 37.8431198 0 
201607088 0.46997395 0 
201607090 29.44488965 0 
201607102 41.13293745 0 
201607140 31.3043518 0 
201607192 53.88353505 0 
201607253 51.901471 0 
201607268 65.6328838 0 
201607298 51.6153999 0 
201607303 56.4786086 0 
201607326 53.76093315 0 
201607343 53.51572935 0 
201607357 1.1851517 0 
201607362 44.6270916 0 
201607418 52.6779497 0 
201607439 5.9666258 0 
201607493 54.90521755 0 
201607519 22.49744865 0 
201607541 56.2742721 0 
201607548 50.73675295 0 
201607565 0.67431045 0 
201607600 1.3486209 0 
201607653 5.61925375 0 
201607749 32.30560065 0 
201607795 27.1358872 0 
201607805 45.87354425 0 
201607825 64.0799264 0 
201607835 3.00374655 0 
201607876 32.9390438 0 
201607904 32.46906985 0 
201607933 63.6712534 0 
201607943 26.91111705 0 
201607958 63.89602355 0 
201608097 30.9365461 0 
201608152 50.77762025 0 
201608194 60.91271065 0 
201608228 39.7230156 0 
201608232 1.40992185 0 
201608306 37.6387833 0 
201608312 42.23635455 0 
201608319 49.5311676 0 
201608378 48.632087 0 
201608391 46.6295893 0 
201608401 40.68339715 0 
201608415 27.81019765 0 
201608423 26.6863469 0 
201608437 46.32308455 0 
201608510 36.14712685 0 
201608558 50.77762025 0 
201608565 30.58917405 0 
201608570 58.2359025 0 
201608590 57.8272295 0 
201608615 43.1150015 0 
201608621 1.00124885 0 
201608653 22.6813515 0 
201608669 57.60245935 0 
201608713 4.4136684 0 
201608762 53.22965825 0 
201608779 62.0365614 0 
201608800 58.01113235 0 
201608858 27.1358872 0 
201608916 6.5796353 0 
201608957 32.30560065 0 
201608971 49.79680505 0 
201609020 1.8798958 0 
201609139 58.62414185 0 
201609146 51.30889515 0 
201609182 46.48655375 0 
201609199 4.55670395 0 
201609234 49.18379555 0 
201609252 0.67431045 0 
201609284 38.2109255 0 
201609292 32.6121054 0 
201609326 33.94029265 0 
201609328 47.75344005 0 
201609334 48.8364235 0 
201609427 69.3926754 0 
201609432 32.6529727 0 
201609464 32.67340635 0 
201609527 38.3335274 0 
201609593 30.83437785 0 
201609625 28.42320715 0 
201609765 54.1900398 0 
201609896 62.4861017 0 
201609966 27.8714986 0 
201610071 67.2267085 0 
201610125 23.1308918 0 
201610126 41.4394422 0 
201610136 15.83607875 0 
201610151 47.83517465 0 
201610179 45.95527885 0 
201610183 65.3468127 0 
201610205 28.87274745 0 
201610225 58.1133006 0 
201610242 42.9515323 0 
201610304 1.45078915 0 
201610313 50.57328375 0 
201610318 37.7613852 0 
201610331 55.4569261 0 
201610343 21.10796045 0 
201610363 41.9298498 0 
201610420 51.0432577 0 
201610458 5.82359025 0 
201610477 40.0908213 0 
201610569 31.5495556 0 
201610579 45.58747315 0 
201610600 48.85685715 0 
201610612 56.17210385 0 
201610697 51.06369135 0 
201610732 50.08287615 0 
201610734 16.98036315 0 
201610737 48.4686178 0 
201610754 5.08797885 0 
201610762 34.5328685 0 
201610808 40.19298955 0 
201610811 63.0991112 0 
201610852 38.9874042 0 
201610866 0.96038155 0 
201610904 64.8155378 0 
201610992 48.08037845 0 
201611005 59.5845234 0 
201611145 53.96526965 0 
201611164 5.98705945 0 
201611216 53.47486205 0 
201611226 47.0382623 0 
201611234 30.79351055 0 
201611269 30.54830675 0 
201611308 30.6913423 0 
201611327 30.5687404 0 
201611365 1.90032945 0 
201611406 54.6804474 0 
201611414 20.5153846 0 
201611493 60.54490495 0 
201611530 29.07708395 0 
201611560 59.03281485 0 
201611566 48.7955562 0 
201611576 48.9590254 0 
201611583 16.04041525 0 
201611608 37.20967665 0 
201611653 27.0132853 0 
201611684 52.73925065 0 
201611708 48.4686178 0 
201611733 24.25474255 0 
201611757 49.55160125 0 
201611766 40.64252985 0 
201611815 25.84856725 0 
201611830 61.89352585 0 
201611839 62.118296 0 
201611849 65.12204255 0 
201611853 58.29720345 0 
201611880 28.60711 0 
201611913 54.25134075 0 
201611914 55.579528 0 
201611963 9.41991265 0 
201611969 60.46317035 0 
201611990 41.0307692 0 
201611998 62.79260645 0 
201612026 39.41651085 0 
201612048 53.92440235 0 
201612068 51.02282405 0 
201612227 18.94199355 0 
201612301 34.38983295 0 
201612340 38.2517928 0 
201612353 59.93189545 0 
201612357 26.13463835 0 
201612413 29.9557309 0 
201612452 28.8931811 0 
201612480 49.83767235 0 
201612491 59.27801865 0 
201612514 39.6821483 0 
201612635 36.2492951 0 
201612670 47.75344005 0 
201612676 32.83687555 0 
201612729 32.26473335 0 
201612750 28.4436408 0 
201612816 47.6104045 0 
201612834 42.23635455 0 
201612846 54.5578455 0 
201612856 52.20797575 0 
201612962 51.92190465 0 
201612965 46.997395 0 
201612982 47.7330064 0 
201612984 63.40561595 0 
201613023 32.34646795 0 
201613039 30.7322096 0 
201613082 59.9931964 0 
201613135 23.1717591 0 
201613140 1.5938247 0 
201613156 31.9582286 0 
201613162 1.7164266 0 
201613176 31.7538921 0 
201613193 15.46827305 0 
201613202 53.72006585 0 
201613260 51.0023904 0 
201613292 1.12385075 0 
201613421 5.3944836 0 
201613445 47.814741 0 
201613526 41.1125038 0 
201613557 34.9006742 0 
201613593 60.29970115 0 
201613646 37.65921695 0 
201613682 19.84107415 0 
201613685 31.1817499 0 
201613687 35.08457705 0 
201613701 31.07958165 0 
201613832 58.7671774 0 
201613854 63.3034477 0 
201613885 4.7406068 0 
201613905 34.2876647 0 
201613923 67.6353815 0 
201613930 52.3918786 0 
201613933 32.18299875 0 
201613964 10.0942231 0 
201614041 60.6879405 0 
201614058 18.90112625 0 
201614076 59.2984523 0 
201614115 55.0482531 0 
201614162 65.0198743 0 
201614163 18.16551485 0 
201614226 1.6755593 0 
201614229 49.42899935 0 
201614240 29.7105271 0 
201614295 62.9765093 0 
201614326 28.6888446 0 
201614341 10.2985596 0 
201614419 48.77512255 0 
201614442 34.9415415 0 
201614478 28.0349678 0 
201614499 39.5595464 0 
201614529 28.9340484 0 
201614625 33.511186 0 
201614626 7.4787159 0 
201614628 49.04076 0 
201614655 59.44148785 0 
201614680 62.99694295 0 
201614689 30.87524515 0 
201614737 43.9323475 0 
201614796 1.1851517 0 
201614894 6.60006895 0 
201614902 38.4969966 0 
201614908 32.4486362 0 
201614917 55.68169625 0 
201614918 60.6062059 0 
201614962 65.5920165 0 
201614977 39.8047502 0 
201615007 19.30979925 0 
201615058 40.2951578 0 
201615090 26.8498161 0 
201615113 42.11375265 0 
201615127 25.88943455 0 
201615153 5.0675452 0 
201615166 36.80100365 0 
201615196 22.37484675 0 
201615261 56.62164415 0 
201615280 32.95947745 0 
201615384 56.41730765 0 
201615435 57.68419395 0 
201615498 39.94778575 0 
201615553 46.588722 0 
201615574 2.2068342 0 
201615601 53.67919855 0 
201615641 54.21047345 0 
201615654 62.2408979 0 
201615747 31.3860864 0 
201615754 28.01453415 0 
201615920 35.53411735 0 
201615964 48.61165335 0 
201615990 28.54580905 0 
201616021 23.27392735 0 
201616042 55.27302325 0 
201616093 26.972418 0 
201616138 42.11375265 0 
201616164 3.41241955 0 
201616246 47.91690925 0 
201616336 48.4277505 0 
201616359 65.40811365 0 
201616383 30.26223565 0 
201616387 63.77342165 0 
201616437 58.3993717 0 
201616500 2.9833129 0 
201616510 58.09286695 0 
201616549 32.4486362 0 
201616555 45.05619825 0 
201616556 68.4935948 0 
201616569 29.0566503 0 
201616604 36.9031719 0 
201616608 48.32558225 0 
201616632 62.8539074 0 
201616668 33.20468125 0 
201616703 27.6671621 0 
201616729 65.48984825 0 
201616735 53.27052555 0 
201616766 54.94608485 0 
201616785 62.935642 0 
201616786 27.6671621 0 
201616890 57.39812285 0 
201617015 1.20558535 0 
201617071 31.44738735 0 
201617088 56.0699356 0 
201617112 58.5628409 0 
201617118 56.70337875 0 
201617178 51.88103735 0 
201617264 45.8939779 0 
201617271 46.56828835 0 
201617279 28.62754365 0 
201617295 64.0799264 0 
201617312 13.83358105 0 
201617328 34.96197515 0 
201617352 70.76172995 0 
201617421 49.51073395 0 
201617427 64.7338032 0 
201617453 37.65921695 0 
201617500 49.42899935 0 
201617526 1.36905455 0 
201617538 4.47496935 0 
201617614 63.1399785 0 
201617619 33.73595615 0 
201617624 59.257585 0 
201617738 60.1157983 0 
201617743 51.22716055 0 
201617757 49.858106 0 
201617796 46.997395 0 
201617815 30.650475 0 
201617930 49.3676984 0 
201617985 23.7847686 0 
201618073 49.8172387 0 
201618079 36.1266932 0 
201618126 31.9173613 0 
201618235 32.79600825 0 
201618237 61.93439315 0 
201618238 44.6270916 0 
201618264 54.0265706 0 
201618339 63.1399785 0 
201618359 48.9998927 0 
201618385 42.56329295 0 
201618461 55.3751915 0 
201618462 42.7471958 0 
201618472 38.55829755 0 
201618481 11.442844 0 
201618487 43.6054091 0 
201618626 39.8047502 0 
201618639 55.4569261 0 
201618810 44.56579065 0 
201618848 41.8072479 0 
201618894 36.59666715 0 
201618899 29.4653233 0 
201618905 4.9449433 0 
201619000 47.6921391 0 
201619016 29.60835885 0 
201619043 31.73345845 0 
201619059 34.34896565 0 
201619101 55.7838645 0 
201619174 35.1050107 0 
201619206 28.66841095 0 
201619263 48.36644955 0 
201619364 31.876494 0 
201619479 49.06119365 0 
201619579 39.82518385 0 
201619600 32.2442997 0 
201619647 16.04041525 0 
201619661 28.79101285 0 
201619695 21.9048728 0 
201619728 50.16461075 0 
201619732 42.84936405 0 
201619736 50.24634535 0 
201619890 57.21422 0 
201619901 33.81769075 0 
201619929 59.257585 0 
201619988 50.32807995 0 
201620014 2.4111707 0 
201620026 49.9398406 0 
201620066 31.61085655 0 
201620224 25.7055317 0 
201620277 30.2826693 0 
201620371 32.01952955 0 
201620383 57.1324854 0 
201620390 54.4761109 0 
201620422 60.95357795 0 
201620509 54.04700425 0 
201620566 27.97366685 0 
201620598 31.85606035 0 
201620616 40.9899019 0 
201620624 3.5963224 0 
201620643 56.3151394 0 
201620721 53.39312745 0 
201620730 25.31729235 0 
201620766 0.6130095 0 
201620794 27.5036929 0 
201620818 56.70337875 0 
201620856 32.26473335 0 
201620869 53.6996322 0 
201620885 48.9590254 0 
201620994 33.28641585 0 
201621010 42.5428593 0 
201621054 0.87864695 0 
201621069 29.9557309 0 
201621084 56.29470575 0 
201621093 50.1441771 0 
201621181 58.95108025 0 
201621259 34.10376185 0 
201621281 53.536163 0 
201621288 57.3776892 0 
201621305 49.63333585 0 
201621320 29.1383849 0 
201621338 6.15052865 0 
201621394 46.85435945 0 
201621468 49.67420315 0 
201621519 30.38483755 0 
201621529 61.03531255 0 
201621564 11.83108335 0 
201621614 58.66500915 0 
201621667 9.25644345 0 
201621772 1.6755593 0 
201621775 1.1034171 0 
201621860 48.16211305 0 
201621906 1.69599295 0 
201622054 32.30560065 0 
201622055 26.37984215 0 
201622061 48.77512255 0 
201622102 38.76263405 0 
201622125 5.61925375 0 
201622129 39.3143426 0 
201622143 36.78057 0 
201622189 64.6929359 0 
201622205 64.4068648 0 
201622217 48.16211305 0 
201622253 27.1358872 0 
201622312 31.059148 0 
201622341 48.3460159 0 
201622382 65.1016089 0 
201622482 52.61664875 0 
201622528 39.98865305 0 
201622543 6.2526969 0 
201622671 52.65751605 0 
201622679 48.1416794 0 
201622715 53.9857033 0 
201622728 39.9273521 0 
201622730 38.823935 0 
201622736 11.05460465 0 
201622738 36.84187095 0 
201622759 33.6337879 0 
201622771 32.18299875 0 
201622793 13.30230615 0 
201622815 57.21422 0 
201622863 49.79680505 0 
201622986 14.303555 0 
201623063 31.97866225 0 
201623072 49.51073395 0 
201623141 49.8172387 0 
201623159 32.63253905 0 
201623183 37.45488045 0 
201623218 49.3268311 0 
201623252 38.14962455 0 
201623266 56.4377413 0 
201623307 37.65921695 0 
201623319 46.24134995 0 
201623354 23.31479465 0 
201623425 61.3826846 0 
201623499 30.5687404 0 
201623502 2.6563745 0 
201623627 63.77342165 0 
201623654 60.29970115 0 
201623668 63.1399785 0 
201623716 65.44898095 0 
201623740 59.68669165 0 
201623745 33.16381395 0 
201623772 49.67420315 0 
201623822 17.5320717 0 
201623868 5.37404995 0 
201623891 62.4452344 0 
201623946 59.44148785 0 
201624046 43.0332669 0 
201624048 47.18129785 0 
201624075 53.2500919 0 
201624081 50.3893809 0 
201624089 29.3427214 0 
201624118 29.0566503 0 
201624125 41.21467205 0 
201624179 64.67250225 0 
201624185 29.1792522 0 
201624224 31.7130248 0 
201624248 60.8514097 0 
201624259 59.60495705 0 
201624273 51.26802785 0 
201624345 41.1533711 0 
201624499 62.26133155 0 
201624559 39.45737815 0 
201624586 1.77772755 0 
201624604 10.64593165 0 
201624636 42.501992 0 
201624716 39.08957245 0 
201624720 20.2701808 0 
201624732 31.2226172 0 
201624739 45.05619825 0 
201624747 38.31309375 0 
201624787 41.684646 0 
201624833 31.2226172 0 
201624853 49.04076 0 
201624910 20.78102205 0 
201624960 51.2475942 0 
201624964 12.81189855 0 
201625034 18.8806926 0 
201625107 59.257585 0 
201625221 55.0073858 0 
201625264 30.91611245 0 
201625268 30.63004135 0 
201625371 33.61335425 0 
201625396 54.8030493 0 
201625433 66.4910971 0 
201625637 7.70348605 0 
201625701 23.4169629 0 
201625752 59.6253907 0 
201625783 55.2525896 0 
201625794 46.8339258 0 
201625805 7.3152467 0 
201625848 40.72426445 0 
201625858 60.38143575 0 
201625934 1.5938247 0 
201625945 41.01033555 0 
201626034 21.0057922 0 
201626068 15.3252375 0 
201626081 32.5303708 0 
201626104 27.8714986 0 
201626155 48.32558225 0 
201626201 59.7071253 0 
201626204 45.83267695 0 
201626282 58.74674375 0 
201626327 47.09956325 0 
201626381 51.2884615 0 
201626402 31.7947594 0 
201626465 37.8022525 0 
201626484 34.71677135 0 
201626492 41.54161045 0 
201626526 56.33557305 0 
201626547 27.93279955 0 
201626572 26.25724025 0 
201626606 31.85606035 0 
201626618 31.5495556 0 
201626670 1.65512565 0 
201626686 48.24384765 0 
201626710 45.05619825 0 
201626711 40.31559145 0 
201626800 37.597916 0 
201626832 38.76263405 0 
201626905 1.20558535 0 
201626956 49.51073395 0 
201626958 60.8514097 0 
201626961 50.40981455 0 
201626963 42.03201805 0 
201626964 1.9616304 0 
201626965 38.55829755 0 
201627004 56.805547 0 
201627008 48.20298035 0 
201627037 0.87864695 0 
201627089 32.4895035 0 
201627092 1.49165645 0 
201627120 31.07958165 0 
201627169 2.02293135 0 
201627186 49.6129022 0 
201627349 60.74924145 0 
201627384 46.4252528 0 
201627432 37.8431198 0 
201627484 53.0457554 0 
201627597 32.1216978 0 
201627712 61.97526045 0 
201627742 38.8648023 0 
201627746 36.18799415 0 
201627753 50.81848755 0 
201627826 53.8631014 0 
201627872 59.44148785 0 
201627879 2.34986975 0 
201628003 35.41151545 0 
201628011 49.55160125 0 
201628022 60.483604 0 
201628030 61.7504903 0 
201628058 43.42150625 0 
201628186 50.08287615 0 
201628187 45.362703 0 
201628248 52.8005516 0 
201628260 51.7380018 0 
201628375 0.87864695 0 
201628454 29.69009345 0 
201628466 33.7155225 0 
201628522 0.55170855 0 
201628525 54.94608485 0 
201628552 31.9582286 0 
201628555 59.2984523 0 
201628608 25.60336345 0 
201628641 60.7696751 0 
201628643 56.9690162 0 
201628728 2.43160435 0 
201628789 48.1416794 0 
201628839 34.737205 0 
201628840 60.70837415 0 
201628841 44.52492335 0 
201628852 38.1700582 0 
201628944 32.2034324 0 
201628946 50.04200885 0 
201628949 59.9114618 0 
201628974 37.08707475 0 
201628996 13.7314128 0 
201629034 42.44069105 0 
201629121 32.0808305 0 
201629161 31.876494 0 
201629215 5.33318265 0 
201629226 3.61675605 0 
201629235 42.4611247 0 
201629255 57.60245935 0 
201629297 55.0891204 0 
201629302 47.18129785 0 
201629362 63.8755899 0 
201629468 38.84436865 0 
201629478 37.4753141 0 
201629535 1.7572939 0 
201629539 17.7772755 0 
201629568 47.9782102 0 
201629588 30.8548115 0 
201629650 53.0457554 0 
201629769 1.1034171 0 
201629794 27.8306313 0 
201629845 56.1925375 0 
201629862 35.04370975 0 
201629865 11.1976402 0 
201629892 63.93689085 0 
201629923 65.5920165 0 
201629962 34.59416945 0 
201629969 53.7813668 0 
201630012 50.0624425 0 
201630085 45.5261722 0 
201630207 47.95777655 0 
201630225 53.18879095 0 
201630254 61.36225095 0 
201630280 7.7239197 0 
201630284 62.6904382 0 
201630303 32.34646795 0 
201630326 67.4719123 0 
201630370 44.11625035 0 
201630462 36.22886145 0 
201630464 68.06448815 0 
201630493 1.5938247 0 
201630498 41.684646 0 
201630507 37.57748235 0 
201630520 55.64082895 0 
201630602 60.54490495 0 
201630607 7.62175145 0 
201630726 32.7347073 0 
201630768 52.98445445 0 
201630818 61.19878175 0 
201630821 48.8772908 0 
201630905 54.21047345 0 
201630945 28.66841095 0 
201630957 57.31638825 0 
201631023 29.1383849 0 
201631069 39.0691388 0 
201631170 48.28471495 0 
201631241 35.98365765 0 
201631267 15.87694605 0 
201631343 34.59416945 0 
201631345 40.15212225 0 
201631347 29.73096075 0 
201631352 33.32728315 0 
201631405 43.0741342 0 
201631459 59.40062055 0 
201631514 57.15291905 0 
201631563 41.3168403 0 
201631567 28.58667635 0 
201631584 39.25304165 0 
201631598 42.97196595 0 
201631612 48.69338795 0 
201631631 60.05449735 0 
201631637 39.8047502 0 
201631717 21.23056235 0 
201631750 34.6146031 0 
201631825 60.70837415 0 
201631830 29.69009345 0 
201631882 59.7479926 0 
201631891 1.1851517 0 
201631931 15.42740575 0 
201631964 30.8139442 0 
201631998 22.6404842 0 
201632011 53.6996322 0 
201632022 46.4252528 0 
201632036 30.83437785 0 
201632037 45.771376 0 
201632067 53.9039687 0 
201632096 55.51822705 0 
201632127 61.709623 0 
201632173 48.77512255 0 
201632218 34.0015936 0 
201632236 35.7997548 0 
201632259 30.7730769 0 
201632270 29.015783 0 
201632288 54.6804474 0 
201632351 2.55420625 0 
201632375 55.35475785 0 
201632438 58.70587645 0 
201632480 20.37234905 0 
201632496 28.8931811 0 
201632579 17.6138063 0 
201632581 37.90442075 0 
201632634 50.16461075 0 
201632665 32.67340635 0 
201632675 31.73345845 0 
201632677 37.4753141 0 
201632708 37.41401315 0 
201633060 17.55250535 0 
201633092 50.00114155 0 
201633102 29.44488965 0 
201633236 29.5470579 0 
201633258 38.47656295 0 
201633265 62.935642 0 
201633339 29.11795125 0 
201633396 62.13872965 0 
201633442 32.63253905 0 
201633475 29.03621665 0 
201633554 30.46657215 0 
201633588 65.32637905 0 
201633609 49.59246855 0 
201633682 49.5311676 0 
201633705 53.7404995 0 
201633736 28.6479773 0 
201633746 33.69508885 0 
201633843 36.59666715 0 
201633871 41.41900855 0 
201633888 63.9573245 0 
201633902 48.4686178 0 
201634054 29.97616455 0 
201634069 57.07118445 0 
201634108 37.8431198 0 
201634123 34.9824088 0 
201634157 0.5721422 0 
201634177 36.8214373 0 
201634186 32.1216978 0 
201634193 41.6437787 0 
201634267 28.70927825 0 
201634280 41.17380475 0 
201634293 52.37144495 0 
201634313 48.5094851 0 
201634317 37.1075084 0 
201634355 70.63912805 0 
201634373 31.03871435 0 
201634405 24.6838492 0 
201634419 27.789764 0 
201634542 49.83767235 0 
201634561 48.65252065 0 
201634602 56.41730765 0 
201634607 50.49154915 0 
201634714 23.84606955 0 
201634730 46.7113239 0 
201634844 48.1008121 0 
201634865 50.3485136 0 
201634873 5.08797885 0 
201634881 35.98365765 0 
201634940 35.5954183 0 
201635010 59.2984523 0 
201635090 28.05540145 0 
201635098 35.145878 0 
201635099 21.7822709 0 
201635132 31.9173613 0 
201635166 38.1291909 0 
201635246 25.56249615 0 
201635253 68.8614005 0 
201635264 1.7164266 0 
201635275 56.66251145 0 
201635371 35.6771529 0 
201635387 57.19378635 0 
201635430 49.79680505 0 
201635466 53.2092246 0 
201635539 33.57248695 0 
201635569 35.86105575 0 
201635570 51.2067269 0 
201635596 32.83687555 0 
201635618 32.2034324 0 
201635633 51.55409895 0 
201635640 63.3034477 0 
201635655 32.01952955 0 
201635669 35.5954183 0 
201635712 1.4303555 0 
201635725 48.81598985 0 
201635760 34.328532 0 
201635772 34.6963377 0 
201635871 0.9808152 0 
201635902 51.2067269 0 
201635923 36.63753445 0 
201635979 53.4135611 0 
201635981 33.5520533 0 
201636002 44.6270916 0 
201636006 50.0215752 0 
201636021 32.06039685 0 
201636027 8.03042445 0 
201636045 25.80769995 0 
201636067 3.86195985 0 
201636085 1.8798958 0 
201636144 46.2617836 0 
201636295 47.87604195 0 
201636311 1.4303555 0 
201636320 50.7571866 0 
201636361 39.21217435 0 
201636395 38.7013331 0 
201636397 51.4110634 0 
201636511 13.13883695 0 
201636529 58.3585044 0 
201636565 64.50903305 0 
201636587 5.74185565 0 
201636608 47.05869595 0 
201636698 53.59746395 0 
201636714 21.3327306 0 
201636727 68.30969195 0 
201636760 58.5219736 0 
201636766 59.2167177 0 
201636782 51.8606037 0 
201636810 27.8306313 0 
201636834 50.7163193 0 
201636897 49.46986665 0 
201636977 49.87853965 0 
201636981 48.77512255 0 
201636985 26.8089488 0 
201637000 52.4736132 0 
201637015 1.77772755 0 
201637047 27.789764 0 
201637099 50.5937174 0 
201637110 65.28551175 0 
201637134 52.8414189 0 
201637155 49.1633619 0 
201637175 13.5679436 0 
201637198 2.22726785 0 
201637215 49.6129022 0 
201637254 28.7705792 0 
201637256 32.34646795 0 
201637289 31.2634845 0 
201637342 53.1683573 0 
201637354 2.6155072 0 
201637365 59.11454945 0 
201637381 31.44738735 0 
201637480 45.75094235 0 
201637484 47.8556083 0 
201637530 53.6178976 0 
201637647 48.69338795 0 
201637762 50.40981455 0 
201637790 59.9523291 0 
201637874 32.71427365 0 
201637938 62.0774287 0 
201637985 32.01952955 0 
201638033 52.1875421 0 
201638048 61.2192154 0 
201638059 1.1851517 0 
201638063 52.00363925 0 
201638078 60.2384002 0 
201638199 7.25394575 0 
201638284 62.7313055 0 
201638314 5.312749 0 
201638344 29.2201195 0 
201638352 49.4085657 0 
201638516 41.1125038 0 
201638532 26.4411431 0 
201638620 35.08457705 0 
201638723 51.71756815 0 
201638739 57.88853045 0 
201638795 54.5987128 0 
201638806 0.96038155 0 
201638903 31.20218355 0 
201639015 52.61664875 0 
201639163 29.7105271 0 
201639257 32.75514095 0 
201639258 49.83767235 0 
201639275 48.6729543 0 
201639315 57.2550873 0 
201639347 46.36395185 0 
201639364 41.70507965 0 
201639404 36.1266932 0 
201639444 69.6787465 0 
201639505 24.0299724 0 
201639510 48.8772908 0 
201639540 53.0457554 0 
201639545 5.8848912 0 
201639555 30.91611245 0 
201639581 11.6880478 0 
201639628 29.9557309 0 
201639672 56.33557305 0 
201639673 28.70927825 0 
201639698 29.44488965 0 
201639852 28.5662427 0 
201639861 43.1967361 0 
201639864 58.25633615 0 
201639875 63.5895188 0 
201639921 11.66761415 0 
201639924 31.16131625 0 
201639963 59.68669165 0 
201639973 64.0390591 0 
201640024 33.2659822 0 
201640033 14.28312135 0 
201640061 55.51822705 0 
201640093 47.22216515 0 
201640147 9.7264174 0 
201640149 48.9998927 0 
201640273 49.6129022 0 
201640369 42.6654612 0 
201640416 3.3919859 0 
201640417 57.07118445 0 
201640426 47.79430735 0 
201640489 1.3894882 0 
201640522 36.31059605 0 
201640541 28.3619062 0 
201640557 38.23135915 0 
201640559 35.7180202 0 
201640589 29.5879252 0 
201640598 17.4912044 0 
201640625 1.7981612 0 
201640739 31.28391815 0 
201640835 38.6195985 0 
201640847 45.71007505 0 
201640852 36.10625955 0 
201640876 49.34726475 0 
201640878 26.6046123 0 
201640909 52.90271985 0 
201640911 49.42899935 0 
201640941 57.4594238 0 
201640956 50.69588565 0 
201640970 37.78181885 0 
201640979 62.935642 0 
201641040 38.19049185 0 
201641098 26.5228777 0 
201641102 44.1775513 0 
201641120 57.39812285 0 
201641128 49.2450965 0 
201641137 19.6571713 0 
201641159 30.42570485 0 
201641173 29.19968585 0 
201641211 3.4328532 0 
201641243 33.81769075 0 
201641278 30.8548115 0 
201641357 25.0516549 0 
201641359 27.6262948 0 
201641366 61.7913576 0 
201641380 1.04211615 0 
201641476 39.1508734 0 
201641507 48.12124575 0 
201641550 38.4561293 0 
201641582 7.4787159 0 
201641782 59.85016085 0 
201641868 57.72506125 0 
201641948 67.1449739 0 
201642031 32.8573092 0 
201642032 57.43899015 0 
201642093 3.1467821 0 
201642107 28.46407445 0 
201642116 24.4795127 0 
201642161 32.71427365 0 
201642205 61.9548268 0 
201642208 27.9532332 0 
201642248 62.62913725 0 
201642297 32.71427365 0 
201642308 30.1600674 0 
201642324 24.90861935 0 
201642330 34.737205 0 
201642358 1.7164266 0 
201642473 32.4895035 0 
201642499 57.88853045 0 
201642544 28.25973795 0 
201642562 9.82858565 0 
201642613 3.28981765 0 
201642665 61.23964905 0 
201642673 41.54161045 0 
201642698 38.3335274 0 
201642755 56.8872816 0 
201642770 5.00624425 0 
201642920 47.01782865 0 
201642991 20.08627795 0 
201643014 39.70258195 0 
201643019 32.06039685 0 
201643066 11.8923843 0 
201643076 32.4895035 0 
201643100 34.38983295 0 
201643108 61.4644192 0 
201643167 30.3644039 0 
201643186 1.69599295 0 
201643201 51.59496625 0 
201643212 59.5845234 0 
201643257 42.60416025 0 
201643289 36.8214373 0 
201643310 49.59246855 0 
201643335 7.764787 0 
201643357 42.31808915 0 
201643369 47.63083815 0 
201643439 53.55659665 0 
201643481 25.9916028 0 
201643521 12.07628715 0 
201643533 62.6904382 0 
201643540 45.5261722 0 
201643547 64.8564051 0 
201643595 26.3185412 0 
201643691 43.46237355 0 
201643708 24.45907905 0 
201643756 3.6371897 0 
201643763 25.93030185 0 
201643776 62.8539074 0 
201643793 14.2626877 0 
201643800 49.55160125 0 
201643831 56.98944985 0 
201643858 50.6345847 0 
201643864 10.9524364 0 
201643879 28.38233985 0 
201643886 39.13043975 0 
201643903 6.7022372 0 
201643927 28.75014555 0 
201643989 5.66012105 0 
201644120 51.39062975 0 
201644148 29.7922617 0 
201644159 45.87354425 0 
201644216 16.7147257 0 
201644258 59.44148785 0 
201644465 58.1541679 0 
201644529 30.58917405 0 
201644536 42.2159209 0 
201644547 58.82847835 0 
201644593 47.814741 0 
201644604 0.8990806 0 
201644641 57.7046276 0 
201644658 54.5987128 0 
201644661 27.97366685 0 
201644690 6.5796353 0 
201644741 41.74594695 0 
201644790 51.0432577 0 
201644801 19.71847225 0 
201644852 51.7380018 0 
201644913 32.1625651 0 
201644965 5.29231535 0 
201644992 58.3993717 0 
201645050 63.89602355 0 
201645053 59.40062055 0 
201645097 1.1034171 0 
201645120 36.9031719 0 
201645171 9.58338185 0 
201645179 44.44318875 0 
201645182 29.5879252 0 
201645249 60.17709925 0 
201645315 30.18050105 0 
201645317 62.2817652 0 
201645320 27.9941005 0 
201645332 37.4753141 0 
201645333 58.33807075 0 
201645339 1.69599295 0 
201645344 60.87184335 0 
201645345 2.10466595 0 
201645377 49.0816273 0 
201645429 13.54750995 0 
201645436 45.771376 0 
201645470 55.92690005 0 
201645559 58.54240725 0 
201645590 32.01952955 0 
201645593 1.12385075 0 
201645670 36.67840175 0 
201645691 33.73595615 0 
201645724 28.8523138 0 
201645770 38.823935 0 
201645920 4.55670395 0 
201645934 51.75843545 0 
201645944 21.72096995 0 
201645966 34.96197515 0 
201646192 37.37314585 0 
201646243 49.3268311 0 
201646253 30.05789915 0 
201646269 58.46067265 0 
201646274 53.59746395 0 
201646301 34.0424609 0 
201646311 35.9223567 0 
201646341 23.4578302 0 
201646347 27.89193225 0 
201646359 55.51822705 0 
201646427 39.86605115 0 
201646460 49.75593775 0 
201646465 43.319338 0 
201646478 51.1249923 0 
201646592 58.50153995 0 
201646607 58.91021295 0 
201646623 55.96776735 0 
201646658 21.7005363 0 
201646686 4.08673 0 
201646706 48.24384765 0 
201646742 61.2600827 0 
201646757 38.27222645 0 
201646787 40.9899019 0 
201646800 57.35725555 0 
201646855 18.6354888 0 
201647048 38.7422004 0 
201647094 40.11125495 0 
201647111 15.0800337 0 
201647218 34.4102666 0 
201647223 0.6538768 0 
201647276 32.42820255 0 
201647335 54.5169782 0 
201647465 2.59507355 0 
201647524 59.7888599 0 
201647538 38.0474563 0 
201647557 49.3676984 0 
201647598 8.35736285 0 
201647690 22.49744865 0 
201647718 32.55080445 0 
201647751 2.02293135 0 
201647788 48.44818415 0 
201647953 24.9699203 0 
201647975 60.09536465 0 
201648008 30.38483755 0 
201648087 59.7479926 0 
201648122 28.4027735 0 
201648133 37.61834965 0 
201648190 48.73425525 0 
201648365 44.32058685 0 
201648374 30.5687404 0 
201648403 28.87274745 0 
201648473 43.83017925 0 
201648535 33.20468125 0 
201648624 54.5987128 0 
201648701 48.32558225 0 
201648703 58.70587645 0 
201648777 57.76592855 0 
201648856 49.4903003 0 
201648886 35.65671925 0 
201648896 1.57339105 0 
201648912 52.12624115 0 
201648960 47.50823625 0 
201648970 30.8139442 0 
201648977 1.7572939 0 
201649051 29.0566503 0 
201649078 44.89272905 0 
201649111 31.69259115 0 
201649136 47.8556083 0 
201649155 12.668863 0 
201649211 56.45817495 0 
201649380 57.35725555 0 
201649382 50.00114155 0 
201649400 62.935642 0 
201649417 49.87853965 0 
201649426 35.16631165 0 
201649536 37.94528805 0 
201649607 48.2642813 0 
201649609 30.46657215 0 
201649633 29.03621665 0 
201649702 62.99694295 0 
201649786 38.31309375 0 
201649904 53.02532175 0 
201649940 59.4210542 0 
201649996 69.00443605 0 
201650123 0.8990806 0 
201650130 14.6713607 0 
201650131 52.33057765 0 
201650190 57.39812285 0 
201650231 68.3709929 0 
201650279 50.94108945 0 
201650348 28.7705792 0 
201650354 42.1341863 0 
201650356 68.5753294 0 
201650412 6.64093625 0 
201650445 27.72846305 0 
201650528 49.71507045 0 
201650555 53.944836 0 
201650648 58.86934565 0 
201650659 30.4052712 0 
201650674 49.4903003 0 
201650682 21.9457401 0 
201650692 46.65002295 0 
201650711 67.98275355 0 
201650745 2.47247165 0 
201650755 35.82018845 0 
201650776 35.7588875 0 
201650792 3.8006589 0 
201650818 25.39902695 0 
201650951 49.10206095 0 
201650956 38.59916485 0 
201650969 3.61675605 0 
201650980 32.2034324 0 
201651036 30.7322096 0 
201651149 1.7164266 0 
201651152 60.54490495 0 
201651170 1.0216825 0 
201651184 48.81598985 0 
201651207 20.5153846 0 
201651214 44.8722954 0 
201651266 65.5920165 0 
201651269 52.41231225 0 
201651285 26.13463835 0 
201651357 39.1917407 0 
201651358 38.31309375 0 
201651388 54.3126417 0 
201651411 50.53241645 0 
201651418 20.7605884 0 
201651420 2.06379865 0 
201651427 32.8981765 0 
201651577 67.08367295 0 
201651599 57.2550873 0 
201651639 36.6988354 0 
201651641 59.31888595 0 
201651664 17.6138063 0 
201651730 57.5820257 0 
201651746 46.0983144 0 
201651758 0.75604505 0 
201651790 19.7797732 0 
201651791 57.60245935 0 
201651801 57.15291905 0 
201651805 61.8322249 0 
201651816 38.4969966 0 
201651841 34.30809835 0 
201651847 37.94528805 0 
201651899 62.79260645 0 
201651901 52.57578145 0 
201651915 49.9398406 0 
201651919 33.36815045 0 
201651923 35.7588875 0 
201652029 53.47486205 0 
201652034 6.72267085 0 
201652080 48.36644955 0 
201652115 48.40731685 0 
201652228 51.6971345 0 
201652255 31.059148 0 
201652369 44.6679589 0 
201652382 26.17550565 0 
201652392 56.45817495 0 
201652413 37.70008425 0 
201652415 40.68339715 0 
201652440 60.6879405 0 
201652475 27.89193225 0 
201652488 53.96526965 0 
201652589 38.7830677 0 
201652593 30.2009347 0 
201652609 51.2884615 0 
201652642 0.96038155 0 
201652654 40.07038765 0 
201652660 5.6396874 0 
201652725 49.6537695 0 
201652733 39.98865305 0 
201652853 32.18299875 0 
201652882 33.511186 0 
201652947 15.2026356 0 
201652963 28.17800335 0 
201652980 47.4469353 0 
201652981 30.79351055 0 
201652984 49.22466285 0 
201652990 1.81859485 0 
201653091 7.49914955 0 
201653112 33.32728315 0 
201653141 63.40561595 0 
201653144 31.32478545 0 
201653168 44.0549494 0 
201653226 61.68918935 0 
201653384 1.0216825 0 
201653394 20.33148175 0 
201653433 48.44818415 0 
201653448 61.03531255 0 
201653449 58.3176371 0 
201653462 33.20468125 0 
201653470 1.12385075 0 
201653473 49.06119365 0 
201653486 43.91191385 0 
201653501 45.50573855 0 
201653511 2.7789764 0 
201653515 30.1192001 0 
201653590 42.2567882 0 
201653639 0.817346 0 
201653648 53.12749 0 
201653662 59.97276275 0 
201653666 1.8798958 0 
201653725 22.82438705 0 
201653789 61.19878175 0 
201653844 33.32728315 0 
201653851 38.3743947 0 
201653875 33.44988505 0 
201653963 30.22136835 0 
201653976 44.44318875 0 
201653989 50.98195675 0 
201654022 43.5236745 0 
201654032 3.1467821 0 
201654065 1.7981612 0 
201654067 41.6029114 0 
201654082 33.1433803 0 
201654089 61.2192154 0 
201654111 52.49404685 0 
201654122 36.26972875 0 
201654161 33.77682345 0 
201654185 2.02293135 0 
201654203 65.98025585 0 
201654223 44.11625035 0 
201654224 40.4177597 0 
201654247 31.85606035 0 
201654248 46.0165798 0 
201654258 60.2792675 0 
201654279 1.32818725 0 
201654285 29.9557309 0 
201654371 61.48485285 0 
201654384 33.0207784 0 
201654420 51.6153999 0 
201654448 1.45078915 0 
201654463 53.31139285 0 
201654492 1.90032945 0 
201654498 29.19968585 0 
201654570 18.4720196 0 
201654572 66.92020375 0 
201654624 52.49404685 0 
201654683 33.1842476 0 
201654769 44.0549494 0 
201654780 14.24225405 0 
201654787 33.89942535 0 
201654796 33.98115995 0 
201654829 1.69599295 0 
201654983 34.10376185 0 
201654998 5.6396874 0 
201655003 33.6337879 0 
201655021 49.6946368 0 
201655137 58.3585044 0 
201655148 49.83767235 0 
201655153 29.52662425 0 
201655304 32.10126415 0 
201655343 4.35236745 0 
201655348 31.52912195 0 
201655364 42.68589485 0 
201655378 55.170855 0 
201655404 33.7972571 0 
201655448 30.4461385 0 
201655490 30.2009347 0 
201655558 36.02452495 0 
201655613 49.1633619 0 
201655720 3.04461385 0 
201655733 11.29980845 0 
201655748 51.5745326 0 
201655762 32.4895035 0 
201655870 3.7597916 0 
201655904 71.04780105 0 
201655939 22.9674226 0 
201656065 51.5336653 0 
201656134 38.9465369 0 
201656147 34.26723105 0 
201656275 53.944836 0 
201656325 26.3185412 0 
201656468 53.2500919 0 
201656514 45.58747315 0 
201656525 14.36485595 0 
201656543 61.07617985 0 
201656681 53.84266775 0 
201656706 1.36905455 0 
201656793 50.90022215 0 
201656801 30.46657215 0 
201656834 32.6529727 0 
201656874 36.35146335 0 
201656890 45.6896414 0 
201656939 32.8981765 0 
201657080 40.68339715 0 
201657088 71.98774895 0 
201657091 63.752988 0 
201657125 40.27472415 0 
201657137 55.0073858 0 
201657140 38.2109255 0 
201657164 27.72846305 0 
201657165 8.6230003 0 
201657168 34.4511339 0 
201657179 53.2500919 0 
201657243 3.3511186 0 
201657303 11.1976402 0 
201657383 23.3352283 0 
201657384 5.5170855 0 
201657408 57.19378635 0 
201657425 61.60745475 0 
201657557 58.8080447 0 
201657597 22.41571405 0 
201657604 27.5445602 0 
201657610 49.83767235 0 
201657614 47.7330064 0 
201657616 38.415262 0 
201657643 46.8747931 0 
201657672 10.64593165 0 
201657706 39.4778118 0 
201657724 49.8989733 0 
201657728 48.20298035 0 
201657748 63.0173766 0 
201657794 37.12794205 0 
201657858 61.1374808 0 
201657955 61.19878175 0 
201658054 61.1783481 0 
201658061 0.817346 0 
201658072 59.68669165 0 
201658093 32.5712381 0 
201658195 14.97786545 0 
201658219 60.8514097 0 
201658263 35.8814894 0 
201658308 1.7981612 0 
201658346 1.7572939 0 
201658412 50.3893809 0 
201658471 1.2668863 0 
201658638 33.511186 0 
201658643 14.52832515 0 
201658661 38.84436865 0 
201658679 24.78601745 0 
201658700 38.84436865 0 
201658710 49.858106 0 
201658734 1.94119675 0 
201658823 7.74435335 0 
201658846 59.72755895 0 
201658870 24.49994635 0 
201658954 51.084125 0 
201658986 1.1442844 0 
201659016 51.51323165 0 
201659032 30.30310295 0 
201659035 37.1483757 0 
201659055 21.250996 0 
201659099 1.81859485 0 
201659103 53.10705635 0 
201659104 60.5244713 0 
201659111 38.2109255 0 
201659148 30.9365461 0 
201659261 46.7930585 0 
201659277 2.043365 0 
201659288 60.54490495 0 
201659305 58.1950352 0 
201659364 53.0048881 0 
201659481 53.0048881 0 
201659557 28.2393043 0 
201659577 47.9782102 0 
201659612 57.80679585 0 
201659636 42.501992 0 
201659663 0.91951425 0 
201659676 44.52492335 0 
201659695 41.7255133 0 
201659724 13.486209 0 
201659757 45.6487741 0 
201659814 16.5512565 0 
201659867 2.30900245 0 
201659904 39.78431655 0 
201659912 30.7730769 0 
201659924 23.68260035 0 
201659954 32.5712381 0 
201659986 40.35645875 0 
201659991 2.7381091 0 
201660046 11.851517 0 
201660055 50.12374345 0 
201660087 1.9616304 0 
201660108 43.6871437 0 
201660211 61.32138365 0 
201660252 11.34067575 0 
201660309 56.53990955 0 
201660348 64.87683875 0 
201660362 1.0216825 0 
201660384 19.96367605 0 
201660419 62.5678363 0 
201660509 49.96027425 0 
201660523 60.74924145 0 
201660539 45.8122433 0 
201660542 55.96776735 0 
201660585 32.14213145 0 
201660590 50.61415105 0 
201660728 31.07958165 0 
201660755 3.7189243 0 
201660784 26.29810755 0 
201661006 31.77432575 0 
201661008 28.21887065 0 
201661033 34.55330215 0 
201661053 28.8523138 0 
201661078 55.64082895 0 
201661087 1.6755593 0 
201661101 42.910665 0 
201661102 61.9548268 0 
201661152 48.1008121 0 
201661296 1.1034171 0 
201661301 29.7105271 0 
201661345 45.99614615 0 
201661373 17.5320717 0 
201661464 56.6012105 0 
201661572 51.9832056 0 
201661611 31.73345845 0 
201661632 1.73686025 0 
201661740 50.5528501 0 
201661790 27.3402237 0 
201661798 40.23385685 0 
201661870 61.3418173 0 
201661897 51.7380018 0 
201661925 55.92690005 0 
201662025 58.1950352 0 
201662054 51.06369135 0 
201662075 57.31638825 0 
201662093 11.0750383 0 
201662106 28.66841095 0 
201662158 47.8556083 0 
201662164 1.69599295 0 
201662254 3.86195985 0 
201662295 1.00124885 0 
201662312 1.12385075 0 
201662445 30.67090865 0 
201662449 28.6479773 0 
201662464 53.4544284 0 
201662467 10.216825 0 
201662531 49.83767235 0 
201662533 59.666258 0 
201662535 20.16801255 0 
201662546 21.3735979 0 
201662565 57.72506125 0 
201662573 39.9273521 0 
201662621 24.8064511 0 
201662676 2.14553325 0 
201662681 63.07867755 0 
201662725 33.511186 0 
201662832 55.3343242 0 
201662902 58.54240725 0 
201662910 31.93779495 0 
201663062 28.38233985 0 
201663079 43.1967361 0 
201663108 44.89272905 0 
201663111 5.45578455 0 
201663169 21.47576615 0 
201663174 55.9064664 0 
201663250 3.98456175 0 
201663287 3.28981765 0 
201663371 55.6203953 0 
201663418 51.43149705 0 
201663420 49.7763714 0 
201663460 57.9089641 0 
201663478 38.3743947 0 
201663499 2.7381091 0 
201663609 2.7381091 0 
201663618 50.08287615 0 
201663659 36.2492951 0 
201663664 28.75014555 0 
201663673 6.2118296 0 
201663681 60.3201348 0 
201663682 4.31150015 0 
201663699 58.95108025 0 
201663772 68.92270145 0 
201663831 49.8172387 0 
201663841 54.1900398 0 
201663932 25.27642505 0 
201663934 55.43649245 0 
201663942 32.59167175 0 
201663996 56.29470575 0 
201664029 31.8356267 0 
201664038 58.9715139 0 
201664094 54.37394265 0 
201664104 49.51073395 0 
201664144 30.79351055 0 
201664207 39.57998005 0 
201664238 9.62424915 0 
201664254 20.86275665 0 
201664261 65.53071555 0 
201664337 1.0216825 0 
201664370 57.72506125 0 
201664419 34.6554704 0 
201664425 26.4002758 0 
201664471 52.53491415 0 
201664532 44.7496935 0 
201664552 51.10455865 0 
201664640 40.0908213 0 
201664642 57.5002911 0 
201664643 46.5478547 0 
201664662 63.07867755 0 
201664689 11.8923843 0 
201664691 1.32818725 0 
201664748 1.8798958 0 
201664750 32.1625651 0 
201664803 32.18299875 0 
201664806 14.93699815 0 
201664812 3.04461385 0 
201664830 58.1950352 0 
201664831 62.6904382 0 
201664839 21.8640055 0 
201664904 59.60495705 0 
201664951 48.52991875 0 
201664988 30.67090865 0 
201665016 49.91940695 0 
201665024 14.303555 0 
201665207 62.4452344 0 
201665284 0.6130095 0 
201665294 61.3826846 0 
201665317 54.8439166 0 
201665328 28.21887065 0 
201665385 22.86525435 0 
201665414 18.32898405 0 
201665427 48.44818415 0 
201665478 20.7197211 0 
201665500 2.7789764 0 
201665537 2.9015783 0 
201665588 35.3910818 0 
201665600 37.3527122 0 
201665657 47.7738737 0 
201665673 3.73935795 0 
201665692 28.79101285 0 
201665718 62.34306615 0 
201665795 56.66251145 0 
201665863 27.7488967 0 
201665885 43.87104655 0 
201665950 56.2334048 0 
201665952 57.0098835 0 
201665998 62.67000455 0 
201666149 1.5938247 0 
201666180 47.99864385 0 
201666222 36.6988354 0 
201666243 34.26723105 0 
201666250 31.6312902 0 
201666277 42.93109865 0 
201666289 37.29141125 0 
201666330 61.8730922 0 
201666367 56.94858255 0 
201666416 30.3235366 0 
201666475 26.0324701 0 
201666497 62.91520835 0 
201666558 28.99534935 0 
201666574 0.87864695 0 
201666578 47.5695372 0 
201666581 12.60756205 0 
201666708 32.8573092 0 
201666802 49.6946368 0 
201666809 31.16131625 0 
201666856 44.77012715 0 
201666946 46.81349215 0 
201667042 56.82598065 0 
201667059 52.24884305 0 
201667079 48.12124575 0 
201667088 2.2477015 0 
201667093 51.6153999 0 
201667116 47.38563435 0 
201667132 33.7155225 0 
201667133 27.381091 0 
201667139 40.76513175 0 
201667157 65.796353 0 
201667189 60.79010875 0 
201667204 9.78771835 0 
201667325 48.4686178 0 
201667326 0.8990806 0 
201667327 27.11545355 0 
201667416 38.06788995 0 
201667423 52.08537385 0 
201667456 57.27552095 0 
201667498 35.57498465 0 
201667502 35.20717895 0 
201667529 31.56998925 0 
201667565 68.43229385 0 
201667587 69.065737 0 
201667626 38.10875725 0 
201667642 2.18640055 0 
201667649 1.28731995 0 
201667667 58.01113235 0 
201667670 3.3102513 0 
201667747 41.78681425 0 
201667822 56.29470575 0 
201667859 38.72176675 0 
201667881 56.29470575 0 
201667939 26.4820104 0 
201667940 52.3918786 0 
201667941 1.85946215 0 
201667946 19.80020685 0 
201668006 58.9306466 0 
201668012 64.59076765 0 
201668034 60.8105424 0 
201668035 32.06039685 0 
201668051 36.4127643 0 
201668140 56.4377413 0 
201668162 42.5428593 0 
201668185 24.17300795 0 
201668190 31.5086883 0 
201668193 51.0432577 0 
201668218 63.0582439 0 
201668242 40.51992795 0 
201668255 49.91940695 0 
201668332 6.7431045 0 
201668343 18.49245325 0 
201668383 59.76842625 0 
201668402 28.6888446 0 
201668409 58.70587645 0 
201668511 22.8448207 0 
201668531 29.19968585 0 
201668566 48.0599448 0 
201668627 41.7663806 0 
201668662 13.79271375 0 
201668665 3.9232608 0 
201668668 1.40992185 0 
201668683 46.5478547 0 
201668737 36.2084278 0 
201668824 62.34306615 0 
201668891 47.34476705 0 
201668942 45.66920775 0 
201668964 31.5086883 0 
201668969 44.9948973 0 
201668973 48.1416794 0 
201669018 48.28471495 0 
201669020 29.28142045 0 
201669032 21.06709315 0 
201669067 34.5328685 0 
201669102 24.41821175 0 
201669114 52.45317955 0 
201669120 21.8640055 0 
201669155 1.8390285 0 
201669294 30.5278731 0 
201669313 1.5938247 0 
201669343 19.4528348 0 
201669360 42.4202574 0 
201669408 55.55909435 0 
201669416 28.1167024 0 
201669441 22.78351975 0 
201669479 30.4461385 0 
201669491 15.26393655 0 
201669549 41.5620441 0 
201669588 46.11874805 0 
201669611 33.4294514 0 
201669633 33.40901775 0 
201669668 61.9139595 0 
201669751 45.91441155 0 
201669780 45.9757125 0 
201669785 2.5746399 0 
201669876 69.24963985 0 
201669931 56.805547 0 
201669941 22.2726785 0 
201669968 12.07628715 0 
201669981 55.96776735 0 
201670037 16.4695219 0 
201670097 36.92360555 0 
201670107 24.62254825 0 
201670110 59.11454945 0 
201670149 31.69259115 0 
201670197 61.03531255 0 
201670211 33.2659822 0 
201670278 0.79691235 0 
201670305 56.41730765 0 
201670326 57.92939775 0 
201670348 42.2567882 0 
201670373 9.05210695 0 
201670377 3.86195985 0 
201670393 26.74764785 0 
201670535 44.95403 0 
201670584 50.9615231 0 
201670585 17.1233987 0 
201670593 56.0290683 0 
201670602 48.52991875 0 
201670606 7.94868985 0 
201670640 1.04211615 0 
201670765 10.60506435 0 
201670781 2.1250996 0 
201670808 67.53321325 0 
201670855 33.5520533 0 
201670879 41.78681425 0 
201670888 28.34147255 0 
201670921 35.20717895 0 
201670967 12.97536775 0 
201670970 1.7572939 0 
201670988 2.06379865 0 
201671023 3.24895035 0 
201671028 49.5311676 0 
201671033 45.6079068 0 
201671042 58.5628409 0 
201671098 44.03451575 0 
201671105 49.67420315 0 
201671110 69.4335427 0 
201671141 36.2901624 0 
201671176 23.9482378 0 
201671186 33.3885841 0 
201671192 15.7747778 0 
201671292 24.13214065 0 
201671302 43.29890435 0 
201671351 11.442844 0 
201671386 32.26473335 0 
201671407 56.86684795 0 
201671432 1.98206405 0 
201671434 44.8722954 0 
201671501 50.8389212 0 
201671506 1.3894882 0 
201671561 52.20797575 0 
201671580 32.5712381 0 
201671639 53.6587649 0 
201671685 49.55160125 0 
201671731 53.18879095 0 
201671760 47.38563435 0 
201671806 28.95448205 0 
201671813 42.7063285 0 
201671895 39.37564355 0 
201671933 1.7981612 0 
201672016 54.8030493 0 
201672030 62.8539074 0 
201672050 9.3586117 0 
201672139 39.6004137 0 
201672175 43.83017925 0 
201672232 32.46906985 0 
201672246 11.3611094 0 
201672258 17.96117835 0 
201672274 20.94449125 0 
201672331 59.89102815 0 
201672342 54.04700425 0 
201672352 26.50244405 0 
201672362 51.6153999 0 
201672456 42.2567882 0 
201672473 1.20558535 0 
201672481 30.50743945 0 
201672528 69.57657825 0 
201672538 1.65512565 0 
201672547 28.198437 0 
201672549 48.1008121 0 
201672555 1.7981612 0 
201672566 40.5812289 0 
201672638 58.05199965 0 
201672673 47.2425988 0 
201672674 12.19888905 0 
201672684 49.0816273 0 
201672707 47.91690925 0 
201672739 55.76343085 0 
201672833 64.9381397 0 
201672855 17.71597455 0 
201672863 59.4619215 0 
201672911 0.9808152 0 
201673023 37.9248544 0 
201673053 43.6871437 0 
201673093 62.99694295 0 
201673128 25.3785933 0 
201673214 59.5845234 0 
201673253 28.70927825 0 
201673265 43.8097456 0 
201673293 48.2642813 0 
201673300 49.63333585 0 
201673307 34.0015936 0 
201673330 33.69508885 0 
201673419 18.57418785 0 
201673597 53.59746395 0 
201673626 1.7164266 0 
201673627 1.69599295 0 
201673686 28.21887065 0 
201673708 24.4386454 0 
201673802 64.8972724 0 
201673809 52.1058075 0 
201673960 51.84017005 0 
201673968 64.8155378 0 
201673986 28.83188015 0 
201673990 22.49744865 0 
201674017 36.6988354 0 
201674078 46.93609405 0 
201674170 49.5311676 0 
201674171 53.6996322 0 
201674218 54.3126417 0 
201674220 57.47985745 0 
201674253 4.84277505 0 
201674279 47.9782102 0 
201674319 54.41480995 0 
201674374 62.71087185 0 
201674406 49.83767235 0 
201674485 33.57248695 0 
201674491 29.7922617 0 
201674570 26.74764785 0 
201674600 11.54501225 0 
201674617 62.0365614 0 
201674629 51.4519307 0 
201674777 59.35975325 0 
201674786 34.328532 0 
201674807 33.53161965 0 
201674814 9.37904535 0 
201674816 0.7356114 0 
201674843 53.0457554 0 
201674862 34.02202725 0 
201674916 47.7330064 0 
201674921 2.2068342 0 
201675001 1.1034171 0 
201675031 52.49404685 0 
201675039 32.75514095 0 
201675167 40.07038765 0 
201675300 3.82109255 0 
201675315 34.4511339 0 
201675348 32.8981765 0 
201675405 59.23715135 0 
201675408 28.9749157 0 
201675412 69.98525125 0 
201675430 60.6879405 0 
201675456 1.77772755 0 
201675469 53.27052555 0 
201675536 33.12294665 0 
201675555 34.63503675 0 
201675559 50.49154915 0 
201675577 56.1108029 0 
201675701 59.44148785 0 
201675705 60.54490495 0 
201675720 55.6612626 0 
201675766 54.12873885 0 
201675785 1.94119675 0 
201675826 2.0024977 0 
201675913 57.88853045 0 
201676093 49.858106 0 
201676115 27.03371895 0 
201676158 30.91611245 0 
201676159 7.00874195 0 
201676168 0.87864695 0 
201676169 31.24305085 0 
201676173 59.19628405 0 
201676188 55.6612626 0 
201676353 52.00363925 0 
201676362 49.59246855 0 
201676434 53.7813668 0 
201676466 54.37394265 0 
201676603 16.6329911 0 
201676651 54.45567725 0 
201676706 58.3993717 0 
201676716 42.07288535 0 
201676731 54.04700425 0 
201676774 1.6755593 0 
201676804 1.49165645 0 
201676925 26.05290375 0 
201676962 49.6946368 0 
201676991 54.49654455 0 
201677081 23.31479465 0 
201677190 25.0925222 0 
201677250 39.4778118 0 
201677284 50.08287615 0 
201677356 37.16880935 0 
201677396 67.5536469 0 
201677521 17.8998774 0 
201677528 50.8797885 0 
201677711 57.27552095 0 
201677753 58.54240725 0 
201677772 51.43149705 0 
201677835 19.0441618 0 
201677879 31.5495556 0 
201677882 44.8722954 0 
201677905 41.41900855 0 
201678041 51.34976245 0 
201678099 7.94868985 0 
201678139 14.40572325 0 
201678168 49.5720349 0 
201678264 55.39562515 0 
201678368 18.45158595 0 
201678373 17.0416641 0 
201678434 32.71427365 0 
201678457 44.07538305 0 
201678497 34.2467974 0 
201678595 58.5628409 0 
201678652 1.65512565 0 
201678669 37.8431198 0 
201678673 46.997395 0 
201678806 37.70008425 0 
201678821 30.6096077 0 
201678847 27.789764 0 
201678897 28.7705792 0 
201678912 0.71517775 0 
201678917 28.54580905 0 
201678929 52.6779497 0 
201678987 61.44398555 0 
201679003 1.9207631 0 
201679009 45.62834045 0 
201679099 47.87604195 0 
201679102 30.8139442 0 
201679168 61.2600827 0 
201679197 3.82109255 0 
201679226 23.7439013 0 
201679299 35.7997548 0 
201679321 50.08287615 0 
201679333 43.7688783 0 
201679385 40.43819335 0 
201679390 39.7230156 0 
201679441 10.5028961 0 
201679487 44.23885225 0 
201679497 28.17800335 0 
201679538 57.43899015 0 
201679539 55.43649245 0 
201679570 6.7022372 0 
201679603 22.94698895 0 
201679624 30.46657215 0 
201679652 67.9214526 0 
201679670 13.87444835 0 
201679673 18.8398253 0 
201679684 40.19298955 0 
201679698 0.96038155 0 
201679739 51.6971345 0 
201679744 61.1783481 0 
201679756 37.86355345 0 
201679771 50.266779 0 
201679777 36.5762335 0 
201679797 31.56998925 0 
201679805 55.170855 0 
201679847 56.1108029 0 
201679902 55.06868675 0 
201679928 55.9473337 0 
201679968 43.78931195 0 
201680046 56.98944985 0 
201680099 65.3059454 0 
201680257 68.35055925 0 
201680269 6.3344315 0 
201680467 13.26143885 0 
201680536 36.18799415 0 
201680560 37.6387833 0 
201680563 37.12794205 0 
201680565 2.34986975 0 
201680569 0.6130095 0 
201680582 63.65081975 0 
201680676 51.39062975 0 
201680777 48.20298035 0 
201680908 40.15212225 0 
201680920 49.18379555 0 
201680954 11.38154305 0 
201680990 30.87524515 0 
201681005 3.57588875 0 
201681018 36.84187095 0 
201681086 38.9465369 0 
201681103 36.22886145 0 
201681208 50.12374345 0 
201681227 49.75593775 0 
201681279 53.18879095 0 
201681401 2.63594085 0 
201681411 30.3644039 0 
201681437 44.72925985 0 
201681453 1.24645265 0 
201681459 24.21387525 0 
201681495 42.4611247 0 
201681497 63.24214675 0 
201681531 29.9965982 0 
201681570 57.5002911 0 
201681736 28.05540145 0 
201681751 57.8272295 0 
201681774 54.4352436 0 
201681799 47.3243334 0 
201681842 20.3110481 0 
201681854 48.1008121 0 
201681859 24.7655838 0 
201681901 26.4002758 0 
201681905 41.29640665 0 
201681927 34.43070025 0 
201681942 29.9557309 0 
201681955 49.91940695 0 
201682010 47.09956325 0 
201682013 46.180049 0 
201682100 45.4444376 0 
201682128 55.47735975 0 
201682147 48.9998927 0 
201682153 35.45238275 0 
201682159 50.6345847 0 
201682192 37.08707475 0 
201682224 40.8673 0 
201682229 55.02781945 0 
201682232 4.10716365 0 
201682249 49.2859638 0 
201682263 57.52072475 0 
201682306 40.3360251 0 
201682317 1.53252375 0 
201682388 13.42490805 0 
201682394 16.9599295 0 
201682421 56.86684795 0 
201682422 47.8964756 0 
201682432 2.7381091 0 
201682433 30.95697975 0 
201682468 60.7288078 0 
201682503 57.27552095 0 
201682547 5.86445755 0 
201682564 63.9573245 0 
201682613 56.66251145 0 
201682632 44.03451575 0 
201682680 58.33807075 0 
201682688 2.47247165 0 
201682703 45.42400395 0 
201682725 24.41821175 0 
201682739 51.901471 0 
201682754 42.97196595 0 
201682764 35.7588875 0 
201682835 54.8030493 0 
201682845 37.57748235 0 
201682972 58.05199965 0 
201682997 45.17880015 0 
201683039 24.70428285 0 
201683052 1.69599295 0 
201683087 61.85265855 0 
201683120 53.02532175 0 
201683149 47.54910355 0 
201683152 50.0624425 0 
201683191 46.32308455 0 
201683242 59.35975325 0 
201683292 18.5537542 0 
201683295 36.1675605 0 
201683422 57.21422 0 
201683442 52.16710845 0 
201683452 47.6921391 0 
201683488 49.4085657 0 
201683499 30.67090865 0 
201683525 28.1167024 0 
201683540 3.69849065 0 
201683558 53.27052555 0 
201683608 30.3235366 0 
201683612 49.51073395 0 
201683623 29.8739963 0 
201683812 67.53321325 0 
201683907 54.1900398 0 
201683910 43.6054091 0 
201683986 8.5412657 0 
201683991 55.92690005 0 
201683993 53.43399475 0 
201684034 29.64922615 0 
201684046 40.6220962 0 
201684048 61.97526045 0 
201684093 27.0541526 0 
201684128 49.9807079 0 
201684146 34.4920012 0 
201684180 50.24634535 0 
201684231 1.9207631 0 
201684261 58.91021295 0 
201684418 25.337726 0 
201684488 29.7513944 0 
201684527 16.04041525 0 
201684609 39.57998005 0 
201684679 41.78681425 0 
201684680 11.62674685 0 
201684741 48.2642813 0 
201684748 41.8072479 0 
201684749 34.0424609 0 
201684763 58.62414185 0 
201684817 13.50664265 0 
201684875 46.8747931 0 
201684877 34.79850595 0 
201684886 20.94449125 0 
201684958 36.3310297 0 
201684990 58.74674375 0 
201684996 40.27472415 0 
201685023 58.70587645 0 
201685060 49.22466285 0 
201685072 49.9807079 0 
201685191 40.31559145 0 
201685215 49.4903003 0 
201685229 1.36905455 0 
201685245 60.3201348 0 
201685270 50.7163193 0 
201685275 1.32818725 0 
201685320 34.1241955 0 
201685326 29.8739963 0 
201685410 60.79010875 0 
201685417 43.70757735 0 
201685497 47.0382623 0 
201685507 58.5219736 0 
201685540 32.3260343 0 
201685544 56.4377413 0 
201685550 52.0240729 0 
201685593 3.8006589 0 
201685649 24.6838492 0 
201685651 18.53332055 0 
201685821 35.08457705 0 
201685849 54.41480995 0 
201686077 55.51822705 0 
201686079 32.0399632 0 
201686095 6.4979007 0 
201686191 66.6954336 0 
201686211 46.48655375 0 
201686217 2.3294361 0 
201686223 48.77512255 0 
201686282 22.37484675 0 
201686292 56.29470575 0 
201686301 15.99954795 0 
201686316 1.9207631 0 
201686332 49.6129022 0 
201686368 20.94449125 0 
201686391 68.2892583 0 
201686419 26.99285165 0 
201686430 61.3826846 0 
201686483 22.7222188 0 
201686496 67.7171161 0 
201686497 57.31638825 0 
201686502 52.00363925 0 
201686511 3.3511186 0 
201686550 57.27552095 0 
201686553 51.59496625 0 
201686578 59.72755895 0 
201686599 51.0023904 0 
201686605 40.23385685 0 
201686613 60.483604 0 
201686617 53.3318265 0 
201686620 55.64082895 0 
201686631 48.52991875 0 
201686643 33.4294514 0 
201686684 28.13713605 0 
201686699 41.3168403 0 
201686715 55.5386607 0 
201686786 2.26813515 0 
201686808 7.82608795 0 
201686817 1.08298345 0 
201686838 59.40062055 0 
201686846 62.50653535 0 
201686912 51.06369135 0 
201686923 1.85946215 0 
201686970 55.6203953 0 
201686986 9.4403463 0 
201687015 62.2408979 0 
201687051 47.6512718 0 
201687055 58.7671774 0 
201687083 3.28981765 0 
201687094 39.98865305 0 
201687110 51.4519307 0 
201687134 33.24554855 0 
201687167 3.45328685 0 
201687190 53.02532175 0 
201687288 45.79180965 0 
201687462 27.36065735 0 
201687489 19.3302329 0 
201687523 52.37144495 0 
201687534 55.55909435 0 
201687551 56.3151394 0 
201687606 52.8414189 0 
201687636 32.38733525 0 
201687650 15.1617683 0 
201687689 48.61165335 0 
201687698 53.5770303 0 
201687712 12.5053938 0 
201687797 30.13963375 0 
201687804 36.78057 0 
201687822 28.7297119 0 
201687834 62.8539074 0 
201687866 44.7496935 0 
201687911 38.4969966 0 
201687944 53.59746395 0 
201687985 61.1783481 0 
201687988 8.84777045 0 
201688066 57.0916181 0 
201688096 1.1034171 0 
201688129 34.38983295 0 
201688250 58.17460155 0 
201688296 15.67260955 0 
201688347 50.266779 0 
201688351 57.5002911 0 
201688373 55.88603275 0 
201688413 52.78011795 0 
201688459 48.52991875 0 
201688471 45.9348452 0 
201688624 20.94449125 0 
201688643 1.90032945 0 
201688660 57.84766315 0 
201688670 39.1100061 0 
201688807 31.6312902 0 
201688829 54.0265706 0 
201688889 6.35486515 0 
201688961 50.4302482 0 
201688966 8.43909745 0 
201689074 3.1467821 0 
201689088 37.29141125 0 
201689090 57.0507508 0 
201689099 2.0024977 0 
201689137 61.36225095 0 
201689234 1.61425835 0 
201689284 8.84777045 0 
201689380 24.29560985 0 
201689409 39.74344925 0 
201689452 55.88603275 0 
201689473 34.59416945 0 
201689490 20.04541065 0 
201689499 9.4812136 0 
201689551 38.96697055 0 
201689553 13.2410052 0 
201689562 9.21557615 0 
201689610 57.4185565 0 
201689619 1.73686025 0 
201689734 60.3610021 0 
201689763 56.6012105 0 
201689930 65.24464445 0 
201689962 57.80679585 0 
201689964 44.6270916 0 
201689978 49.10206095 0 
201690053 62.9765093 0 
201690057 0.75604505 0 
201690078 32.50993715 0 
201690213 48.1008121 0 
201690254 5.70098835 0 
201690275 34.5328685 0 
201690285 38.43569565 0 
201690311 2.6155072 0 
201690335 5.86445755 0 
201690488 35.0232761 0 
201690564 32.4077689 0 
201690583 71.66081055 0 
201690651 3.41241955 0 
201690654 53.6178976 0 
201690677 49.75593775 0 
201690678 45.3218357 0 
201690695 55.9473337 0 
201690711 22.5587496 0 
201690726 8.92950505 0 
201690802 52.7596843 0 
201690810 47.87604195 0 
201690847 38.35396105 0 
201690855 60.7696751 0 
201690863 54.0674379 0 
201690865 22.9265553 0 
201690866 1.7981612 0 
201690898 47.09956325 0 
201690948 1.7981612 0 
201690968 50.0215752 0 
201690989 57.11205175 0 
201690993 54.57827915 0 
201691034 40.2134232 0 
201691067 52.08537385 0 
201691093 55.6612626 0 
201691128 1.73686025 0 
201691155 45.0357646 0 
201691194 1.1034171 0 
201691212 8.4595311 0 
201691280 44.7496935 0 
201691310 43.9323475 0 
201691315 50.9615231 0 
201691350 26.91111705 0 
201691396 31.69259115 0 
201691408 15.2026356 0 
201691484 53.9857033 0 
201691539 47.7738737 0 
201691548 4.47496935 0 
201691561 63.2625804 0 
201691565 41.6437787 0 
201691570 40.7446981 0 
201691572 31.6721575 0 
201691589 3.1467821 0 
201691622 42.7063285 0 
201691658 55.64082895 0 
201691667 1.45078915 0 
201691673 44.23885225 0 
201691682 46.07788075 0 
201691696 56.3151394 0 
201691709 45.9757125 0 
201691733 57.9906987 0 
201691759 33.85855805 0 
201691785 58.440239 0 
201691826 0.6947441 0 
201691919 57.27552095 0 
201692165 49.51073395 0 
201692171 48.48905145 0 
201692202 52.6779497 0 
201692221 57.19378635 0 
201692253 42.89023135 0 
201692268 57.80679585 0 
201692345 6.47746705 0 
201692367 21.47576615 0 
201692373 21.76183725 0 
201692411 5.33318265 0 
201692430 48.7955562 0 
201692459 30.50743945 0 
201692474 25.7055317 0 
201692503 51.34976245 0 
201692508 1.8390285 0 
201692512 57.07118445 0 
201692627 14.61005975 0 
201692631 4.08673 0 
201692675 1.94119675 0 
201692676 26.05290375 0 
201692727 59.52322245 0 
201692788 17.42990345 0 
201692850 44.4227551 0 
201692871 49.06119365 0 
201692943 56.3560067 0 
201693005 40.72426445 0 
201693027 58.29720345 0 
201693078 55.31389055 0 
201693175 34.4920012 0 
201693181 38.14962455 0 
201693187 1.5120901 0 
201693189 64.87683875 0 
201693224 30.3644039 0 
201693247 62.95607565 0 
201693248 47.2834661 0 
201693253 1.61425835 0 
201693311 61.5052865 0 
201693328 57.1733527 0 
201693397 46.0165798 0 
201693400 52.45317955 0 
201693428 55.4569261 0 
201693434 53.22965825 0 
201693503 55.92690005 0 
201693523 30.38483755 0 
201693680 32.9390438 0 
201693750 0.6130095 0 
201693831 50.16461075 0 
201694020 61.97526045 0 
201694039 1.7164266 0 
201694102 57.80679585 0 
201694119 43.99364845 0 
201694148 53.6587649 0 
201694175 49.8989733 0 
201694191 56.49904225 0 
201694209 48.85685715 0 
201694219 67.24714215 0 
201694267 3.1467821 0 
201694296 36.6579681 0 
201694376 53.22965825 0 
201694379 58.031566 0 
201694381 60.05449735 0 
201694411 1.77772755 0 
201694429 55.0482531 0 
201694452 2.7789764 0 
201694483 52.04450655 0 
201694495 48.69338795 0 
201694497 52.37144495 0 
201694545 1.77772755 0 
201694547 1.57339105 0 
201694554 48.12124575 0 
201694658 28.42320715 0 
201694673 45.01533095 0 
201694707 15.6930432 0 
201694836 45.42400395 0 
201694889 26.13463835 0 
201694945 47.79430735 0 
201695018 67.81928435 0 
201695036 46.81349215 0 
201695058 1.8390285 0 
201695069 12.56669475 0 
201695094 1.7981612 0 
201695144 2.84027735 0 
201695150 54.74174835 0 
201695201 46.3843855 0 
201695207 1.77772755 0 
201695262 24.0708397 0 
201695302 49.04076 0 
201695311 46.2617836 0 
201695317 56.5603432 0 
201695322 19.0441618 0 
201695352 61.44398555 0 
201695378 9.0316733 0 
201695415 56.25383845 0 
201695434 55.51822705 0 
201695450 3.4328532 0 
201695508 4.02542905 0 
201695554 47.5286699 0 
201695566 63.3034477 0 
201695608 48.03951115 0 
201695625 47.01782865 0 
201695629 29.1383849 0 
201695645 51.22716055 0 
201695701 16.8781949 0 
201695716 57.84766315 0 
201695722 62.8947747 0 
201695779 32.87774285 0 
201695786 1.12385075 0 
201695845 62.46566805 0 
201695853 48.0599448 0 
201695878 9.09297425 0 
201695897 16.12214985 0 
201695899 17.4503371 0 
201695905 46.2617836 0 
201695909 46.7113239 0 
201695911 9.399479 0 
201695976 56.62164415 0 
201696027 47.79430735 0 
201696063 53.02532175 0 
201696072 39.08957245 0 
201696102 0.6538768 0 
201696126 61.6687557 0 
201696159 42.31808915 0 
201696200 1.8798958 0 
201696224 54.3943763 0 
201696231 1.57339105 0 
201696235 61.5870211 0 
201696276 50.04200885 0 
201696289 1.1034171 0 
201696300 38.9056696 0 
201696302 1.73686025 0 
201696315 65.16290985 0 
201696396 58.74674375 0 
201696418 25.52162885 0 
201696438 17.981612 0 
201696466 53.72006585 0 
201696488 44.77012715 0 
201696528 32.3669016 0 
201696577 38.31309375 0 
201696626 56.805547 0 
201696652 1.1851517 0 
201696665 29.52662425 0 
201696713 58.70587645 0 
201696714 29.64922615 0 
201696718 50.16461075 0 
201696719 52.1466748 0 
201696735 37.4344468 0 
201696797 26.2368066 0 
201696908 38.2926601 0 
201696932 62.13872965 0 
201697007 52.5144805 0 
201697064 4.10716365 0 
201697204 59.68669165 0 
201697265 25.15382315 0 
201697343 59.56408975 0 
201697355 22.33397945 0 
201697370 1.45078915 0 
201697418 60.8105424 0 
201697462 1.7164266 0 
201697475 4.2093319 0 
201697478 57.07118445 0 
201697490 42.23635455 0 
201697539 47.814741 0 
201697553 3.20808305 0 
201697564 48.65252065 0 
201697643 9.5629482 0 
201697698 39.17130705 0 
201697710 40.5403616 0 
201697830 26.29810755 0 
201697896 1.9207631 0 
201697970 57.72506125 0 
201697991 41.99115075 0 
201698027 1.1851517 0 
201698039 52.86185255 0 
201698091 32.63253905 0 
201698094 26.74764785 0 
201698211 51.06369135 0 
201698213 50.69588565 0 
201698223 55.4569261 0 
201698245 1.6755593 0 
201698247 44.5044897 0 
201698318 37.8022525 0 
201698330 58.1133006 0 
201698362 54.2717744 0 
201698378 66.0415568 0 
201698381 55.0482531 0 
201698416 61.0148789 0 
201698436 47.54910355 0 
201698507 1.12385075 0 
201698508 49.8172387 0 
201698514 51.9832056 0 
201698530 52.41231225 0 
201698535 33.65422155 0 
201698669 59.6253907 0 
201698686 58.86934565 0 
201698718 62.7721728 0 
201698764 58.1133006 0 
201698766 51.14542595 0 
201698809 54.21047345 0 
201698816 49.858106 0 
201698853 1.61425835 0 
201698942 47.4469353 0 
201698980 48.4686178 0 
201698987 47.54910355 0 
201698988 26.37984215 0 
201699032 43.8506129 0 
201699065 29.9148636 0 
201699176 58.1950352 0 
201699190 59.7479926 0 
201699195 57.5820257 0 
201699196 53.2500919 0 
201699274 55.8655991 0 
201699280 51.06369135 0 
201699283 56.3560067 0 
201699295 51.0023904 0 
201699405 30.13963375 0 
201699407 51.63583355 0 
201699446 2.47247165 0 
201699456 51.6153999 0 
201699502 53.9857033 0 
201699556 43.728011 0 
201699561 59.5027888 0 
201699613 35.04370975 0 
201699618 1.57339105 0 
201699624 0.34737205 0 
201699628 58.6445755 0 
201699685 5.25144805 0 
201699709 38.006589 0 
201699720 1.65512565 0 
201699743 13.83358105 0 
201699752 65.8372203 0 
201699753 49.75593775 0 
201699790 53.43399475 0 
201699802 57.92939775 0 
201699910 58.50153995 0 
201699995 1.7572939 0 
