201900001 61.5052865 0 
201900052 31.2634845 0 
201900066 1.6755593 0 
201900094 60.83097605 0 
201900163 45.6896414 0 
201900168 18.16551485 0 
201900191 57.5411584 0 
201900248 48.0190775 0 
201900288 58.5628409 0 
201900295 41.45987585 0 
201900362 11.34067575 0 
201900372 17.6955409 0 
201900419 14.9574318 0 
201900461 59.68669165 0 
201900465 56.98944985 0 
201900476 47.6921391 0 
201900497 13.5679436 0 
201900499 1.65512565 0 
201900519 30.3235366 0 
201900538 28.5253754 0 
201900582 49.83767235 0 
201900611 48.61165335 0 
201900613 27.27892275 0 
201900660 46.77262485 0 
201900701 59.93189545 0 
201900874 55.0891204 0 
201900957 71.08866835 0 
201900965 28.7297119 0 
201900980 51.59496625 0 
201901000 9.9307539 0 
201901015 61.11704715 0 
201901082 13.3636071 0 
201901161 58.440239 0 
201901189 26.6863469 0 
201901196 43.5645418 0 
201901203 25.7872663 0 
201901221 29.69009345 0 
201901274 28.38233985 0 
201901293 57.88853045 0 
201901364 1.1442844 0 
201901371 52.73925065 0 
201901403 51.3701961 0 
201901404 57.4185565 0 
201901412 56.49904225 0 
201901433 13.486209 0 
201901445 50.1033098 0 
201901565 66.02112315 0 
201901606 13.17970425 0 
201901691 58.848912 0 
201901740 57.43899015 0 
201901810 53.2092246 0 
201901837 19.35066655 0 
201901901 2.63594085 0 
201901946 64.6112013 0 
201901954 2.2477015 0 
201901974 61.3826846 0 
201902015 55.2934569 0 
201902039 26.74764785 0 
201902062 60.21796655 0 
201902167 51.55409895 0 
201902190 37.7205179 0 
201902271 56.04950195 0 
201902294 22.4361477 0 
201902310 13.75184645 0 
201902346 48.8364235 0 
201902369 2.3294361 0 
201902390 20.5971192 0 
201902396 2.2885688 0 
201902486 32.0399632 0 
201902565 0.9399479 0 
201902633 49.5311676 0 
201902649 64.8564051 0 
201902651 32.55080445 0 
201902669 19.2484983 0 
201902684 23.06959085 0 
201902708 53.02532175 0 
201902718 61.77092395 0 
201902731 34.06289455 0 
201902859 50.20547805 0 
201902861 58.3585044 0 
201902866 3.5554551 0 
201902926 63.16041215 0 
201902955 0.7356114 0 
201903063 59.5436561 0 
201903072 42.03201805 0 
201903129 55.6612626 0 
201903156 11.46327765 0 
201903161 59.7071253 0 
201903233 58.17460155 0 
201903263 22.2318112 0 
201903318 0.83777965 0 
201903335 61.64832205 0 
201903365 51.9832056 0 
201903390 35.554551 0 
201903418 41.66421235 0 
201903511 64.01862545 0 
201903535 55.84516545 0 
201903550 30.54830675 0 
201903555 16.85776125 0 
201903564 54.57827915 0 
201903616 61.40311825 0 
201903625 62.87434105 0 
201903740 33.53161965 0 
201903779 1.57339105 0 
201903960 25.93030185 0 
201903961 53.2092246 0 
201903963 25.6237971 0 
201903999 0.79691235 0 
201904041 57.52072475 0 
201904055 30.54830675 0 
201904063 62.58826995 0 
201904078 49.42899935 0 
201904126 44.5044897 0 
201904174 0.67431045 0 
201904223 55.43649245 0 
201904238 1.12385075 0 
201904292 28.198437 0 
201904296 62.4452344 0 
201904392 23.3352283 0 
201904429 49.14292825 0 
201904450 36.22886145 0 
201904480 64.26382925 0 
201904569 9.4812136 0 
201904570 41.66421235 0 
201904601 7.0700429 0 
201904621 31.9173613 0 
201904651 28.4027735 0 
201904661 50.7980539 0 
201904833 60.79010875 0 
201904864 52.1058075 0 
201904943 53.96526965 0 
201904952 59.9931964 0 
201904978 19.0850291 0 
201905032 60.6879405 0 
201905055 20.82188935 0 
201905074 49.9807079 0 
201905098 62.38393345 0 
201905101 36.4944989 0 
201905122 53.1683573 0 
201905124 25.4194606 0 
201905203 13.05710235 0 
201905205 1.45078915 0 
201905209 13.22057155 0 
201905267 58.440239 0 
201905359 9.9716212 0 
201905377 50.36894725 0 
201905432 22.8039534 0 
201905456 27.15632085 0 
201905475 48.89772445 0 
201905500 35.45238275 0 
201905519 60.6062059 0 
201905544 24.74515015 0 
201905548 65.1016089 0 
201905583 57.43899015 0 
201905585 22.2318112 0 
201905721 59.48235515 0 
201905730 59.7888599 0 
201905739 59.0532485 0 
201905889 60.2792675 0 
201905892 5.98705945 0 
201905903 54.1083052 0 
201905985 52.9231535 0 
201905990 57.5411584 0 
201906017 62.8947747 0 
201906024 56.3151394 0 
201906035 64.42729845 0 
201906062 33.20468125 0 
201906063 60.83097605 0 
201906224 32.6121054 0 
201906313 52.73925065 0 
201906380 42.6245939 0 
201906381 49.3268311 0 
201906463 30.87524515 0 
201906474 57.3368219 0 
201906495 3.82109255 0 
201906552 60.0340637 0 
201906559 62.13872965 0 
201906632 17.02123045 0 
201906692 62.9765093 0 
201906694 58.2359025 0 
201906704 54.49654455 0 
201906711 50.5528501 0 
201906779 50.36894725 0 
201906784 57.19378635 0 
201906871 27.19718815 0 
201906911 43.1967361 0 
201906976 9.41991265 0 
201906987 59.19628405 0 
201907047 21.27142965 0 
201907060 29.77182805 0 
201907074 64.0799264 0 
201907096 6.2118296 0 
201907160 1.3894882 0 
201907169 53.536163 0 
201907272 23.7439013 0 
201907334 46.32308455 0 
201907390 20.1475789 0 
201907395 28.8523138 0 
201907458 61.19878175 0 
201907474 31.7130248 0 
201907475 49.8172387 0 
201907591 68.26882465 0 
201907700 56.86684795 0 
201907706 61.30095 0 
201907709 34.38983295 0 
201907727 4.4545357 0 
201907772 34.0015936 0 
201907777 61.9139595 0 
201907820 30.42570485 0 
201907846 32.285167 0 
201907911 56.66251145 0 
201907915 28.9340484 0 
201907942 58.9306466 0 
201907944 1.1851517 0 
201908004 64.95857335 0 
201908029 60.6879405 0 
201908034 29.9148636 0 
201908118 57.72506125 0 
201908120 66.38892885 0 
201908155 69.74004745 0 
201908174 1.5529574 0 
201908197 14.81439625 0 
201908242 27.23805545 0 
201908253 21.43489885 0 
201908276 56.1925375 0 
201908324 10.4620288 0 
201908330 39.9273521 0 
201908362 2.47247165 0 
201908372 28.38233985 0 
201908387 62.6904382 0 
201908442 30.30310295 0 
201908455 63.0173766 0 
201908491 51.4110634 0 
201908493 51.3293288 0 
201908531 14.2218204 0 
201908537 7.5604505 0 
201908542 25.7055317 0 
201908550 4.5362703 0 
201908582 2.67680815 0 
201908595 51.8606037 0 
201908612 22.25224485 0 
201908648 17.6955409 0 
201908694 34.0424609 0 
201908775 2.9833129 0 
201908826 59.15541675 0 
201908829 65.8780876 0 
201908905 38.02702265 0 
201908911 62.09786235 0 
201908915 54.21047345 0 
201908932 63.3034477 0 
201908974 32.6121054 0 
201908986 29.015783 0 
201909011 51.14542595 0 
201909035 56.86684795 0 
201909132 10.0942231 0 
201909165 28.4027735 0 
201909249 1.61425835 0 
201909278 5.21058075 0 
201909325 1.7981612 0 
201909368 63.85515625 0 
201909371 14.0583512 0 
201909399 32.67340635 0 
201909502 30.87524515 0 
201909533 2.10466595 0 
201909534 22.94698895 0 
201909562 29.6287925 0 
201909615 62.5678363 0 
201909636 7.78522065 0 
201909708 35.00284245 0 
201909732 13.8540147 0 
201909754 45.4853049 0 
201909950 61.2192154 0 
201909959 60.483604 0 
201910048 53.14792365 0 
201910112 21.23056235 0 
201910126 53.39312745 0 
201910203 18.65592245 0 
201910212 35.3093472 0 
201910225 54.04700425 0 
201910243 51.3293288 0 
201910251 55.7429972 0 
201910257 31.9990959 0 
201910368 41.3985749 0 
201910437 36.9031719 0 
201910469 2.6563745 0 
201910472 57.07118445 0 
201910490 37.33227855 0 
201910503 51.2475942 0 
201910508 3.57588875 0 
201910513 32.285167 0 
201910526 63.2625804 0 
201910563 49.30639745 0 
201910572 57.9498314 0 
201910620 47.14043055 0 
201910635 63.1399785 0 
201910658 38.84436865 0 
201910662 1.7572939 0 
201910704 1.3894882 0 
201910714 10.60506435 0 
201910737 38.23135915 0 
201910749 5.721422 0 
201910754 64.7338032 0 
201910803 60.46317035 0 
201910806 60.91271065 0 
201910817 46.81349215 0 
201910839 51.71756815 0 
201910857 67.7988507 0 
201910879 43.728011 0 
201910924 17.9407447 0 
201910945 61.6278884 0 
201910949 61.6687557 0 
201910999 58.21546885 0 
201911022 24.49994635 0 
201911037 34.51243485 0 
201911168 62.4861017 0 
201911176 62.26133155 0 
201911182 65.1016089 0 
201911257 1.0216825 0 
201911271 0.8990806 0 
201911287 39.21217435 0 
201911343 30.26223565 0 
201911373 17.572939 0 
201911415 38.10875725 0 
201911428 32.55080445 0 
201911429 15.30480385 0 
201911432 48.632087 0 
201911446 35.9223567 0 
201911513 69.3109408 0 
201911563 53.22965825 0 
201911627 46.3026509 0 
201911645 65.93938855 0 
201911716 1.73686025 0 
201911755 30.7730769 0 
201911767 60.74924145 0 
201911796 48.81598985 0 
201911815 59.0532485 0 
201911818 61.85265855 0 
201911831 32.63253905 0 
201911858 45.58747315 0 
201911866 57.4594238 0 
201911874 56.4377413 0 
201911885 49.59246855 0 
201911963 51.6153999 0 
201911993 44.40232145 0 
201912019 53.72006585 0 
201912105 39.5595464 0 
201912113 21.51663345 0 
201912133 28.79101285 0 
201912167 26.09377105 0 
201912179 35.4728164 0 
201912346 43.99364845 0 
201912351 29.1792522 0 
201912356 3.45328685 0 
201912375 28.17800335 0 
201912384 29.19968585 0 
201912399 40.2951578 0 
201912448 48.8772908 0 
201912483 28.58667635 0 
201912503 24.78601745 0 
201912520 20.20887985 0 
201912552 35.41151545 0 
201912566 61.68918935 0 
201912588 2.55420625 0 
201912636 0.817346 0 
201912717 32.69384 0 
201912723 60.1157983 0 
201912742 48.32558225 0 
201912756 57.80679585 0 
201912765 57.2959546 0 
201912810 60.50403765 0 
201912825 2.0024977 0 
201912841 21.59836805 0 
201912869 68.39142655 0 
201912889 1.65512565 0 
201912947 58.7263101 0 
201912949 30.5278731 0 
201912955 53.96526965 0 
201912963 64.87683875 0 
201912990 53.7813668 0 
201913029 21.8231382 0 
201913121 61.8730922 0 
201913140 47.34476705 0 
201913144 48.3051486 0 
201913163 35.554551 0 
201913167 1.5938247 0 
201913188 47.4878026 0 
201913205 55.43649245 0 
201913242 27.0950199 0 
201913250 9.0725406 0 
201913262 1.57339105 0 
201913275 53.1683573 0 
201913290 43.6871437 0 
201913334 22.3544131 0 
201913346 55.579528 0 
201913350 60.05449735 0 
201913366 46.40481915 0 
201913377 17.4094698 0 
201913380 70.4960925 0 
201913438 0.71517775 0 
201913463 0.9808152 0 
201913498 14.7939626 0 
201913546 31.7538921 0 
201913548 19.9023751 0 
201913586 21.8640055 0 
201913765 3.86195985 0 
201913819 30.1192001 0 
201913920 24.8881857 0 
201913936 58.58327455 0 
201913990 58.3993717 0 
201914073 55.2934569 0 
201914082 36.0040913 0 
201914122 30.05789915 0 
201914140 16.32648635 0 
201914203 55.0891204 0 
201914243 20.45408365 0 
201914260 17.4912044 0 
201914321 50.4711155 0 
201914403 54.82348295 0 
201914416 57.0098835 0 
201914484 45.2401011 0 
201914561 32.22386605 0 
201914571 1.4712228 0 
201914578 33.12294665 0 
201914589 9.74685105 0 
201914650 49.14292825 0 
201914701 2.43160435 0 
201914735 1.7981612 0 
201914756 30.7730769 0 
201914776 22.1092093 0 
201914798 65.61245015 0 
201914867 29.3835887 0 
201914870 41.7255133 0 
201914892 16.32648635 0 
201914941 1.9616304 0 
201914942 51.6153999 0 
201914952 53.80180045 0 
201915043 47.63083815 0 
201915144 23.15132545 0 
201915189 32.8573092 0 
201915207 34.3693993 0 
201915213 48.9181581 0 
201915258 48.0599448 0 
201915384 23.1308918 0 
201915500 44.48405605 0 
201915545 28.198437 0 
201915566 49.71507045 0 
201915584 62.8130401 0 
201915663 28.17800335 0 
201915667 62.6904382 0 
201915687 2.0842323 0 
201915716 48.12124575 0 
201915722 19.9432424 0 
201915789 63.48735055 0 
201915800 1.9616304 0 
201915805 35.2684799 0 
201915810 1.24645265 0 
201915813 1.00124885 0 
201915836 48.0190775 0 
201915851 58.3176371 0 
201915895 37.189243 0 
201915896 2.06379865 0 
201915939 61.40311825 0 
201915942 23.7847686 0 
201916014 56.13123655 0 
201916017 60.62663955 0 
201916024 64.9381397 0 
201916155 1.81859485 0 
201916191 34.79850595 0 
201916198 2.4111707 0 
201916206 31.24305085 0 
201916220 33.36815045 0 
201916225 46.65002295 0 
201916309 55.6612626 0 
201916323 64.5294667 0 
201916425 1.7572939 0 
201916426 8.5412657 0 
201916429 9.66511645 0 
201916477 42.8289304 0 
201916557 37.8022525 0 
201916624 21.7822709 0 
201916625 51.6153999 0 
201916660 63.24214675 0 
201916700 59.0123812 0 
201916755 46.2209163 0 
201916777 61.3418173 0 
201916803 63.3851823 0 
201916807 1.634692 0 
201916866 48.5912197 0 
201916898 54.33307535 0 
201916927 62.5678363 0 
201917014 19.5345694 0 
201917043 62.6495709 0 
201917051 29.28142045 0 
201917086 42.0115844 0 
201917126 3.08548115 0 
201917141 7.29481305 0 
201917150 61.5461538 0 
201917174 52.33057765 0 
201917313 11.1976402 0 
201917368 56.49904225 0 
201917389 21.7822709 0 
201917390 0.67431045 0 
201917434 22.86525435 0 
201917448 63.752988 0 
201917470 35.16631165 0 
201917532 58.86934565 0 
201917602 47.67170545 0 
201917687 0.75604505 0 
201917702 34.06289455 0 
201917772 52.61664875 0 
201917779 12.03541985 0 
201917816 57.92939775 0 
201917842 35.1050107 0 
201917968 43.78931195 0 
201917999 9.1542752 0 
201918073 50.7163193 0 
201918077 31.3043518 0 
201918106 0.9808152 0 
201918114 1.4303555 0 
201918183 21.7822709 0 
201918184 34.10376185 0 
201918290 63.2625804 0 
201918298 27.3402237 0 
201918363 19.67760495 0 
201918452 63.03781025 0 
201918478 29.28142045 0 
201918479 39.13043975 0 
201918499 30.1192001 0 
201918500 64.8564051 0 
201918573 63.73255435 0 
201918579 51.63583355 0 
201918632 58.848912 0 
201918651 57.11205175 0 
201918810 50.65501835 0 
201918845 50.9206558 0 
201918903 6.35486515 0 
201918965 1.1442844 0 
201918977 70.700429 0 
201919012 39.9273521 0 
201919029 59.0941158 0 
201919068 7.90782255 0 
201919140 17.7772755 0 
201919159 51.9832056 0 
201919230 37.74095155 0 
201919289 49.3268311 0 
201919290 54.5578455 0 
201919351 63.73255435 0 
201919382 54.5578455 0 
201919413 46.48655375 0 
201919424 58.05199965 0 
201919463 28.0758351 0 
201919492 18.4311523 0 
201919539 2.10466595 0 
201919670 3.8823935 0 
201919671 26.6046123 0 
201919675 38.415262 0 
201919703 60.9331443 0 
201919748 31.48825465 0 
201919768 16.16301715 0 
201919824 63.4669169 0 
201919953 32.71427365 0 
201919965 29.7105271 0 
201920014 40.049954 0 
201920032 49.6946368 0 
201920061 49.14292825 0 
201920064 27.40152465 0 
201920090 24.0708397 0 
201920095 69.74004745 0 
201920103 50.5119828 0 
201920159 38.59916485 0 
201920174 64.01862545 0 
201920286 33.12294665 0 
201920343 36.8214373 0 
201920393 31.24305085 0 
201920394 33.08207935 0 
201920395 21.14882775 0 
201920495 19.18719735 0 
201920567 47.6512718 0 
201920568 64.9381397 0 
201920668 55.7838645 0 
201920720 33.81769075 0 
201920729 47.34476705 0 
201920752 13.5270763 0 
201920819 14.3444223 0 
201920833 3.5963224 0 
201920841 0.9808152 0 
201920851 42.23635455 0 
201920882 11.17720655 0 
201920949 41.6437787 0 
201920998 18.4720196 0 
201921127 23.43739655 0 
201921242 21.3735979 0 
201921254 52.4736132 0 
201921289 34.6554704 0 
201921313 58.25633615 0 
201921314 57.43899015 0 
201921381 0.5312749 0 
201921401 21.5779344 0 
201921455 51.67670085 0 
201921538 24.94948665 0 
201921585 34.51243485 0 
201921596 0.4495403 0 
201921598 43.05370055 0 
201921605 44.6679589 0 
201921657 38.59916485 0 
201921740 30.75264325 0 
201921807 1.28731995 0 
201921841 50.266779 0 
201921889 48.85685715 0 
201921894 51.8197364 0 
201921943 49.02032635 0 
201921987 2.22726785 0 
201922050 19.4528348 0 
201922144 49.2042292 0 
201922186 31.20218355 0 
201922216 39.6821483 0 
201922250 19.6571713 0 
201922264 26.6454796 0 
201922280 41.25553935 0 
201922329 2.9424456 0 
201922354 45.9757125 0 
201922364 43.25803705 0 
201922563 51.2475942 0 
201922589 55.72256355 0 
201922598 1.8390285 0 
201922639 70.9865001 0 
201922641 51.1658596 0 
201922647 5.1492798 0 
201922654 46.44568645 0 
201922731 62.3226325 0 
201922762 24.2343089 0 
201922821 60.25883385 0 
201922909 35.16631165 0 
201922997 58.13373425 0 
201923012 66.6545663 0 
201923021 57.0098835 0 
201923092 57.72506125 0 
201923238 38.4561293 0 
201923289 42.4611247 0 
201923297 2.63594085 0 
201923310 3.04461385 0 
201923398 57.23465365 0 
201923444 28.50494175 0 
201923447 27.6671621 0 
201923463 26.46157675 0 
201923499 48.16211305 0 
201923566 64.1207937 0 
201923601 57.47985745 0 
201923702 61.30095 0 
201923708 4.31150015 0 
201923712 15.14133465 0 
201923732 48.40731685 0 
201923768 67.90101895 0 
201923786 40.96946825 0 
201923791 52.5962151 0 
201923841 2.4929053 0 
201923899 5.53751915 0 
201923956 65.48984825 0 
201923962 49.4903003 0 
201923989 34.8189396 0 
201924043 36.0858259 0 
201924286 34.4920012 0 
201924316 2.14553325 0 
201924377 43.99364845 0 
201924393 59.6253907 0 
201924416 0.6538768 0 
201924421 1.1851517 0 
201924485 58.848912 0 
201924492 40.15212225 0 
201924526 1.57339105 0 
201924621 18.86025895 0 
201924628 37.98615535 0 
201924643 30.5278731 0 
201924666 34.5737358 0 
201924786 9.2360098 0 
201924898 28.95448205 0 
201924937 26.91111705 0 
201925035 18.77852435 0 
201925086 29.44488965 0 
201925104 34.737205 0 
201925169 24.99035395 0 
201925199 62.8130401 0 
201925300 1.6755593 0 
201925324 27.2584891 0 
201925337 37.98615535 0 
201925483 31.69259115 0 
201925585 19.6980386 0 
201925683 1.0216825 0 
201925806 21.23056235 0 
201925822 21.23056235 0 
201925838 41.2351057 0 
201925894 46.5478547 0 
201925992 13.077536 0 
201926011 32.79600825 0 
201926026 0.8990806 0 
201926055 55.8247318 0 
201926077 62.30219885 0 
201926103 16.5512565 0 
201926120 44.48405605 0 
201926214 32.55080445 0 
201926283 27.85106495 0 
201926335 49.7355041 0 
201926398 34.328532 0 
201926566 1.85946215 0 
201926588 55.23215595 0 
201926590 13.5270763 0 
201926593 31.56998925 0 
201926673 43.1150015 0 
201926730 6.43659975 0 
201926757 38.10875725 0 
201926875 33.77682345 0 
201926884 26.4411431 0 
201926890 62.79260645 0 
201926892 1.24645265 0 
201926898 54.82348295 0 
201926949 18.65592245 0 
201926953 33.6746552 0 
201926983 53.55659665 0 
201927024 52.45317955 0 
201927054 1.1034171 0 
201927109 22.45658135 0 
201927179 32.5303708 0 
201927185 9.99205485 0 
201927336 62.118296 0 
201927351 49.14292825 0 
201927431 18.98286085 0 
201927556 15.3661048 0 
201927568 31.3860864 0 
201927602 35.57498465 0 
201927623 68.43229385 0 
201927625 13.3636071 0 
201927670 32.06039685 0 
201927819 30.5687404 0 
201927900 58.848912 0 
201927949 39.25304165 0 
201927952 57.9089641 0 
201928061 14.56919245 0 
201928073 61.9548268 0 
201928085 55.84516545 0 
201928106 1.16471805 0 
201928170 10.23725865 0 
201928256 56.17210385 0 
201928270 49.10206095 0 
201928395 25.1742568 0 
201928486 44.68839255 0 
201928514 65.4694146 0 
201928567 49.4903003 0 
201928612 58.95108025 0 
201928613 6.6205026 0 
201928630 1.61425835 0 
201928676 33.40901775 0 
201928731 21.4961998 0 
201928742 31.16131625 0 
201928749 21.0057922 0 
201928788 10.9933037 0 
201928815 63.344315 0 
201928861 39.1917407 0 
201928864 18.1042139 0 
201928944 48.7955562 0 
201928964 56.9281489 0 
201929184 9.41991265 0 
201929229 66.79760185 0 
201929258 47.18129785 0 
201929293 34.51243485 0 
201929294 4.63843855 0 
201929308 50.5528501 0 
201929685 45.1583665 0 
201929706 2.2885688 0 
201929789 49.42899935 0 
201929809 28.4845081 0 
201929874 40.1316886 0 
201929892 33.1842476 0 
201929943 29.48575695 0 
201930053 30.18050105 0 
201930133 22.57918325 0 
201930166 20.69928745 0 
201930188 47.46736895 0 
201930260 2.5746399 0 
201930394 37.7205179 0 
201930475 43.1150015 0 
201930481 50.94108945 0 
201930509 60.0340637 0 
201930543 10.1350904 0 
201930546 39.4778118 0 
201930618 63.52821785 0 
201930626 1.5938247 0 
201930658 31.3452191 0 
201930718 52.8822862 0 
201930840 21.06709315 0 
201930873 62.8539074 0 
201930947 34.8189396 0 
201930950 51.96277195 0 
201931019 43.87104655 0 
201931070 60.58577225 0 
201931148 44.7905608 0 
201931172 1.8390285 0 
201931208 8.8273368 0 
201931258 62.8539074 0 
201931358 37.7613852 0 
201931437 65.2650781 0 
201931438 52.9231535 0 
201931473 0.9399479 0 
201931630 69.47441 0 
201931632 58.031566 0 
201931718 41.29640665 0 
201931803 31.16131625 0 
201931805 5.5988201 0 
201931903 25.56249615 0 
201931927 41.4803095 0 
201931989 48.5503524 0 
201931993 64.4477321 0 
201932014 44.5862243 0 
201932081 39.00783785 0 
201932165 49.7355041 0 
201932186 18.65592245 0 
201932245 27.9532332 0 
201932261 33.3068495 0 
201932647 28.0349678 0 
201932664 42.72676215 0 
201932696 67.45147865 0 
201932748 1.1442844 0 
201932770 35.0232761 0 
201932945 34.737205 0 
201932999 28.30060525 0 
201933109 39.66171465 0 
201933156 56.2742721 0 
201933261 57.2550873 0 
201933325 60.70837415 0 
201933417 37.5161814 0 
201933419 17.2051333 0 
201933420 47.05869595 0 
201933468 51.3701961 0 
201933496 40.0908213 0 
201933525 0.79691235 0 
201933541 33.8381244 0 
201933564 34.47156755 0 
201933601 30.05789915 0 
201933643 2.34986975 0 
201933678 1.00124885 0 
201933700 48.5503524 0 
201933710 56.3560067 0 
201933752 64.50903305 0 
201933857 18.1450812 0 
201933870 18.41071865 0 
201933880 12.5871284 0 
201933931 38.51743025 0 
201933933 9.2768771 0 
201933961 1.4303555 0 
201933987 21.96617375 0 
201934162 27.5036929 0 
201934172 69.065737 0 
201934286 66.6954336 0 
201934339 21.5370671 0 
201934341 67.431045 0 
201934432 49.2859638 0 
201934494 33.98115995 0 
201934578 37.7205179 0 
201934618 9.3586117 0 
201934702 51.22716055 0 
201934777 58.05199965 0 
201934836 40.19298955 0 
201934845 41.13293745 0 
201934911 39.86605115 0 
201934937 59.8297272 0 
201935060 63.9164572 0 
201935139 25.68509805 0 
201935160 57.8272295 0 
201935234 49.46986665 0 
201935240 48.8364235 0 
201935368 39.5595464 0 
201935375 18.86025895 0 
201935379 53.80180045 0 
201935390 46.4661201 0 
201935402 5.0675452 0 
201935438 11.83108335 0 
201935482 43.42150625 0 
201935498 45.01533095 0 
201935510 62.2817652 0 
201935535 52.1058075 0 
201935577 33.08207935 0 
201935690 38.7830677 0 
201935739 1.57339105 0 
201935852 21.63923535 0 
201935911 48.7546889 0 
201935999 12.0967208 0 
201936136 65.1833435 0 
201936140 56.62164415 0 
201936232 52.53491415 0 
201936295 46.997395 0 
201936401 44.15711765 0 
201936417 24.8881857 0 
201936559 33.77682345 0 
201936566 34.38983295 0 
201936633 37.7205179 0 
201936663 45.66920775 0 
201937015 40.07038765 0 
201937037 33.7563898 0 
201937051 39.82518385 0 
201937135 27.89193225 0 
201937252 22.57918325 0 
201937274 31.20218355 0 
201937295 47.9373429 0 
201937358 40.458627 0 
201937372 61.2192154 0 
201937413 20.98535855 0 
201937506 4.18889825 0 
201937671 12.56669475 0 
201937692 16.48995555 0 
201937736 12.68929665 0 
201937748 58.1950352 0 
201937877 47.2425988 0 
201937905 20.5153846 0 
201937917 40.049954 0 
201938104 40.6220962 0 
201938148 35.04370975 0 
201938239 38.23135915 0 
201938273 21.96617375 0 
201938332 42.64502755 0 
201938379 18.9624272 0 
201938444 33.12294665 0 
201938587 0.9399479 0 
201938599 56.2742721 0 
201938693 46.07788075 0 
201938731 49.63333585 0 
201938847 55.27302325 0 
201938854 39.6821483 0 
201938903 54.25134075 0 
201939183 47.71257275 0 
201939204 45.771376 0 
201939365 51.7380018 0 
201939470 30.63004135 0 
201939537 32.3669016 0 
201939572 11.50414495 0 
201939592 5.66012105 0 
201939719 1.53252375 0 
201939806 37.5161814 0 
201939825 47.5286699 0 
201939940 36.1675605 0 
201940035 60.38143575 0 
201940038 20.2701808 0 
201940192 29.424456 0 
201940203 19.92280875 0 
201940206 37.90442075 0 
201940335 33.2659822 0 
201940469 19.47326845 0 
201940505 0.67431045 0 
201940563 21.47576615 0 
201940767 61.36225095 0 
201941035 17.10296505 0 
201941052 19.06459545 0 
201941071 40.27472415 0 
201941100 51.22716055 0 
201941120 60.09536465 0 
201941182 18.9215599 0 
201941218 42.2159209 0 
201941232 31.1817499 0 
201941269 58.29720345 0 
201941281 67.73754975 0 
201941330 2.7381091 0 
201941430 56.04950195 0 
201941438 42.5428593 0 
201941483 1.226019 0 
201941495 27.31979005 0 
201941545 3.0650475 0 
201941609 58.8080447 0 
201941620 8.52083205 0 
201941667 3.3102513 0 
201941704 66.10285775 0 
201941809 34.55330215 0 
201941811 58.3585044 0 
201942307 57.76592855 0 
201942384 56.7646797 0 
201942415 56.1925375 0 
201942433 18.28811675 0 
201942451 49.02032635 0 
201942683 49.0816273 0 
201942737 46.7930585 0 
201943010 20.3110481 0 
201943140 56.4786086 0 
201943154 5.8031566 0 
201943236 53.92440235 0 
201943448 32.10126415 0 
201943529 26.46157675 0 
201943538 21.0875268 0 
201943647 18.73765705 0 
201943779 52.41231225 0 
201943781 52.57578145 0 
201943782 23.76433495 0 
201943834 36.26972875 0 
201943929 44.60665795 0 
201944003 57.3368219 0 
201944174 56.1925375 0 
201944177 22.0274747 0 
201944227 30.71177595 0 
201944553 28.0349678 0 
201944572 1.00124885 0 
201944729 14.77352895 0 
201944798 1.61425835 0 
201944842 57.72506125 0 
201944847 47.4469353 0 
201944856 42.2976555 0 
201944869 46.5478547 0 
201945078 3.12634845 0 
201945104 17.9407447 0 
201945271 44.3410205 0 
201945294 57.72506125 0 
201945376 38.06788995 0 
201945421 21.96617375 0 
201945481 9.5629482 0 
201945559 49.6946368 0 
201945611 55.7429972 0 
201945639 20.9240576 0 
201945681 62.83347375 0 
201945750 58.41980535 0 
201945951 32.95947745 0 
201945954 13.50664265 0 
201945984 21.7005363 0 
201946004 45.54660585 0 
201946018 9.1951425 0 
201946354 13.077536 0 
201946402 54.08787155 0 
201946552 39.9682194 0 
201946722 56.0699356 0 
201946762 51.84017005 0 
201946770 23.0491572 0 
201946972 19.14633005 0 
201946999 67.9623199 0 
201947008 17.8590101 0 
201947113 42.15461995 0 
201947276 17.9407447 0 
201947318 20.29061445 0 
201947336 30.5278731 0 
201947402 48.40731685 0 
201947493 7.7239197 0 
201947580 19.80020685 0 
201947830 58.2359025 0 
201947959 29.5470579 0 
201948222 27.52412655 0 
201948436 24.9699203 0 
201948505 65.85765395 0 
201948637 65.48984825 0 
201948687 47.05869595 0 
201948748 2.2477015 0 
201948837 18.12464755 0 
201949071 19.39153385 0 
201949143 15.120901 0 
201949155 34.0424609 0 
201949308 27.52412655 0 
201949420 21.72096995 0 
201949467 21.8640055 0 
201949514 48.0599448 0 
201949836 20.29061445 0 
201949889 2.39073705 0 
201950021 51.26802785 0 
201950085 24.33647715 0 
201950258 55.43649245 0 
201950322 35.98365765 0 
201950357 46.588722 0 
201950657 9.37904535 0 
201950682 50.1033098 0 
201950721 45.26053475 0 
201950789 58.70587645 0 
201950918 36.39233065 0 
201951086 59.6253907 0 
201951113 19.616304 0 
201951122 58.13373425 0 
201951143 30.6096077 0 
201951433 13.79271375 0 
201951507 1.65512565 0 
201951528 59.35975325 0 
201951712 68.14622275 0 
201951869 39.66171465 0 
201952047 19.02372815 0 
201952124 55.6203953 0 
201952310 5.53751915 0 
201952375 52.00363925 0 
201952606 36.26972875 0 
201952802 19.43240115 0 
201952990 27.0132853 0 
201953040 39.49824545 0 
201953050 52.45317955 0 
201953131 59.7479926 0 
201953154 57.2550873 0 
201953173 1.4303555 0 
201953183 58.33807075 0 
201953449 3.45328685 0 
201953498 1.61425835 0 
201953810 27.7080294 0 
201953832 22.8039534 0 
201953939 1.73686025 0 
201953980 0.46997395 0 
201954114 3.65762335 0 
201954302 24.94948665 0 
201954539 57.92939775 0 
201954615 50.08287615 0 
201954627 46.8339258 0 
201954762 59.2167177 0 
201955161 26.54331135 0 
201955241 19.4119675 0 
201955263 56.09036925 0 
201955303 35.4319491 0 
201955333 3.1876494 0 
201955492 32.5712381 0 
201955493 24.58168095 0 
201955730 1.40992185 0 
201956137 5.9666258 0 
201956265 49.26553015 0 
201956282 23.703034 0 
201956715 49.9807079 0 
201956953 5.86445755 0 
201956978 30.8956788 0 
201957026 50.5937174 0 
201957042 5.721422 0 
201957088 7.1109102 0 
201957694 1.3486209 0 
201957754 28.91361475 0 
201957794 56.70337875 0 
201957835 57.84766315 0 
201957921 56.29470575 0 
201958072 12.56669475 0 
201958292 24.4386454 0 
201958456 70.0874195 0 
201958571 59.35975325 0 
201958731 49.14292825 0 
201958736 54.5578455 0 
201959048 33.57248695 0 
201959142 6.51833435 0 
201959713 1.53252375 0 
201959769 27.72846305 0 
201959919 43.0332669 0 
201960039 22.3952804 0 
201960545 60.42230305 0 
201961450 56.8464143 0 
201961520 60.79010875 0 
201961601 5.5170855 0 
201961877 61.2192154 0 
201962307 11.034171 0 
201962658 50.04200885 0 
201963221 33.102513 0 
201963477 38.1700582 0 
201963764 29.28142045 0 
201964186 23.4578302 0 
201964319 32.0399632 0 
201964740 66.7771682 0 
201964828 19.10546275 0 
201965450 47.2017315 0 
201966347 29.4653233 0 
201966616 2.30900245 0 
