201800034 58.7671774 0 
201800060 65.73505205 0 
201800065 4.63843855 0 
201800139 60.87184335 0 
201800145 32.38733525 0 
201800247 8.5412657 0 
201800269 63.20127945 0 
201800385 57.622893 0 
201800578 45.1583665 0 
201800604 57.68419395 0 
201800723 26.8498161 0 
201800761 63.65081975 0 
201800781 13.83358105 0 
201800863 58.6037082 0 
201800898 53.27052555 0 
201800901 54.78261565 0 
201800922 26.29810755 0 
201801122 22.8039534 0 
201801156 55.9473337 0 
201801179 45.8122433 0 
201801197 60.1975329 0 
201801199 40.458627 0 
201801213 49.3676984 0 
201801229 53.9857033 0 
201801252 53.2092246 0 
201801263 20.9649249 0 
201801286 59.9931964 0 
201801295 28.05540145 0 
201801305 43.50324085 0 
201801435 1.4712228 0 
201801438 1.5120901 0 
201801464 30.8548115 0 
201801515 10.0942231 0 
201801617 12.60756205 0 
201801648 50.5937174 0 
201801696 34.1650628 0 
201801707 33.5929206 0 
201801725 44.72925985 0 
201801768 12.07628715 0 
201801808 1.04211615 0 
201801835 13.4453417 0 
201801919 65.0607416 0 
201801959 22.94698895 0 
201801968 6.76353815 0 
201802028 27.56499385 0 
201802041 0.63344315 0 
201802069 59.8297272 0 
201802094 64.54990035 0 
201802136 34.06289455 0 
201802138 28.75014555 0 
201802158 43.5645418 0 
201802164 34.34896565 0 
201802322 55.4977934 0 
201802377 68.22795735 0 
201802433 52.0649402 0 
201802474 56.74424605 0 
201802546 59.2984523 0 
201802567 56.33557305 0 
201802624 59.7479926 0 
201802629 58.21546885 0 
201802693 48.1825467 0 
201802694 15.10046735 0 
201802754 55.170855 0 
201802777 40.02952035 0 
201802809 16.77602665 0 
201802856 1.04211615 0 
201802863 32.63253905 0 
201802867 1.24645265 0 
201802933 32.50993715 0 
201803004 6.9065737 0 
201803059 16.81689395 0 
201803114 22.068342 0 
201803185 26.3594085 0 
201803190 60.892277 0 
201803365 64.30469655 0 
201803382 65.38768 0 
201803495 26.5228777 0 
201803535 51.30889515 0 
201803541 21.659669 0 
201803611 51.2475942 0 
201803629 62.83347375 0 
201803630 33.89942535 0 
201803718 57.5411584 0 
201803722 59.72755895 0 
201803738 59.1758504 0 
201803758 42.76762945 0 
201803847 51.492798 0 
201803854 53.22965825 0 
201804006 54.82348295 0 
201804015 45.62834045 0 
201804079 5.33318265 0 
201804176 49.14292825 0 
201804221 58.54240725 0 
201804227 59.7071253 0 
201804261 55.7021299 0 
201804277 64.59076765 0 
201804317 14.65092705 0 
201804344 64.59076765 0 
201804477 50.3893809 0 
201804521 46.7113239 0 
201804568 61.30095 0 
201804579 58.3585044 0 
201804588 12.56669475 0 
201804591 0.71517775 0 
201804735 32.4077689 0 
201804771 56.25383845 0 
201804788 23.5395648 0 
201804821 49.63333585 0 
201804900 69.12703795 0 
201805002 59.3801869 0 
201805031 57.84766315 0 
201805171 54.1900398 0 
201805179 58.6037082 0 
201805211 32.06039685 0 
201805212 1.08298345 0 
201805229 29.73096075 0 
201805353 1.1851517 0 
201805399 58.8080447 0 
201805481 12.4645265 0 
201805484 50.266779 0 
201805509 27.93279955 0 
201805561 51.1658596 0 
201805567 34.06289455 0 
201805568 34.8598069 0 
201805635 62.4043671 0 
201805655 33.24554855 0 
201805674 63.48735055 0 
201805689 53.3726938 0 
201805892 61.8322249 0 
201805900 3.8823935 0 
201805929 58.1541679 0 
201805948 44.2592859 0 
201806008 4.84277505 0 
201806022 2.1250996 0 
201806031 44.36145415 0 
201806034 38.6195985 0 
201806047 61.709623 0 
201806244 57.56159205 0 
201806275 65.9189549 0 
201806428 36.2084278 0 
201806440 58.91021295 0 
201806444 60.62663955 0 
201806490 48.632087 0 
201806515 34.22636375 0 
201806639 33.9607263 0 
201806661 30.4052712 0 
201806676 32.0808305 0 
201806713 49.30639745 0 
201806756 52.0649402 0 
201806763 46.56828835 0 
201806765 0.83777965 0 
201806789 49.26553015 0 
201806867 66.1232914 0 
201806875 35.6362856 0 
201806877 34.0833282 0 
201806952 57.0507508 0 
201806988 48.1416794 0 
201806992 43.0332669 0 
201806997 0.63344315 0 
201807004 58.1133006 0 
201807013 48.44818415 0 
201807034 60.09536465 0 
201807048 31.7130248 0 
201807090 65.1016089 0 
201807130 67.65581515 0 
201807158 1.77772755 0 
201807212 58.09286695 0 
201807256 67.90101895 0 
201807284 35.5136837 0 
201807302 34.18549645 0 
201807423 56.3560067 0 
201807445 65.08117525 0 
201807450 54.6395801 0 
201807456 57.56159205 0 
201807478 9.54251455 0 
201807536 54.33307535 0 
201807569 53.88353505 0 
201807573 49.67420315 0 
201807579 33.24554855 0 
201807620 13.91531565 0 
201807627 37.7613852 0 
201807637 63.5077842 0 
201807771 52.90271985 0 
201807908 40.2951578 0 
201808013 2.55420625 0 
201808032 48.36644955 0 
201808066 23.47826385 0 
201808120 51.10455865 0 
201808231 32.7347073 0 
201808262 4.10716365 0 
201808312 1.69599295 0 
201808313 62.99694295 0 
201808476 31.4269537 0 
201808508 60.3201348 0 
201808518 22.82438705 0 
201808558 56.6420778 0 
201808600 26.54331135 0 
201808639 55.8655991 0 
201808644 49.3268311 0 
201808647 35.3910818 0 
201808759 3.69849065 0 
201808789 53.39312745 0 
201808824 59.1758504 0 
201808841 59.76842625 0 
201808872 47.4469353 0 
201808879 59.11454945 0 
201808912 54.00613695 0 
201808995 33.04121205 0 
201809001 65.2650781 0 
201809013 55.5386607 0 
201809026 28.42320715 0 
201809085 67.7171161 0 
201809269 0.9808152 0 
201809281 15.4069721 0 
201809300 48.77512255 0 
201809317 58.66500915 0 
201809375 20.94449125 0 
201809405 50.7163193 0 
201809424 27.48325925 0 
201809436 52.16710845 0 
201809456 49.9807079 0 
201809540 10.625498 0 
201809574 21.10796045 0 
201809640 66.7363009 0 
201809756 59.7479926 0 
201809819 47.2017315 0 
201809869 59.35975325 0 
201809900 27.789764 0 
201809917 37.0257738 0 
201809980 0.7764787 0 
201809992 51.6562672 0 
201810054 21.5370671 0 
201810062 57.03031715 0 
201810130 50.90022215 0 
201810159 68.18709005 0 
201810160 66.38892885 0 
201810168 2.55420625 0 
201810210 48.57078605 0 
201810212 60.95357795 0 
201810218 59.07368215 0 
201810237 64.14122735 0 
201810241 49.14292825 0 
201810271 1.12385075 0 
201810283 56.0290683 0 
201810289 47.4878026 0 
201810295 33.77682345 0 
201810417 38.4561293 0 
201810426 51.18629325 0 
201810512 54.74174835 0 
201810513 1.4712228 0 
201810653 63.9981918 0 
201810727 48.1008121 0 
201810885 5.7622893 0 
201810891 1.32818725 0 
201811039 59.8297272 0 
201811104 3.0241802 0 
201811128 52.45317955 0 
201811167 31.77432575 0 
201811196 62.91520835 0 
201811254 56.0290683 0 
201811446 65.57158285 0 
201811510 32.34646795 0 
201811521 31.69259115 0 
201811572 33.919859 0 
201811587 36.59666715 0 
201811653 29.73096075 0 
201811659 34.9006742 0 
201811855 57.19378635 0 
201811869 52.00363925 0 
201811890 27.3402237 0 
201812025 64.6112013 0 
201812039 58.031566 0 
201812086 49.7763714 0 
201812088 53.2092246 0 
201812188 52.20797575 0 
201812189 6.15052865 0 
201812286 49.04076 0 
201812299 1.77772755 0 
201812323 36.51493255 0 
201812416 1.5120901 0 
201812471 49.5720349 0 
201812509 32.8981765 0 
201812531 1.0625498 0 
201812553 55.64082895 0 
201812570 9.7672847 0 
201812575 48.16211305 0 
201812663 13.09796965 0 
201812676 50.1850444 0 
201812692 31.81519305 0 
201812705 13.54750995 0 
201812789 65.2650781 0 
201812795 52.86185255 0 
201812810 56.5194759 0 
201812862 0.817346 0 
201812863 57.92939775 0 
201812882 65.4285473 0 
201812895 62.38393345 0 
201812904 16.65342475 0 
201812956 65.12204255 0 
201812972 2.5337726 0 
201813040 54.45567725 0 
201813087 1.634692 0 
201813107 53.2500919 0 
201813108 26.1959393 0 
201813121 1.20558535 0 
201813139 1.28731995 0 
201813165 53.51572935 0 
201813243 53.4952957 0 
201813266 55.9064664 0 
201813471 2.0842323 0 
201813579 8.8273368 0 
201813591 31.2634845 0 
201813593 49.5311676 0 
201813715 34.43070025 0 
201813728 63.20127945 0 
201813800 1.65512565 0 
201813849 59.0532485 0 
201813863 34.10376185 0 
201813869 50.32807995 0 
201813883 9.1134079 0 
201813908 32.3260343 0 
201814040 5.74185565 0 
201814048 41.86854885 0 
201814167 56.94858255 0 
201814176 61.23964905 0 
201814214 25.9507355 0 
201814230 14.40572325 0 
201814231 33.102513 0 
201814264 52.08537385 0 
201814276 65.04030795 0 
201814281 58.09286695 0 
201814355 34.10376185 0 
201814376 60.3201348 0 
201814379 63.89602355 0 
201814389 45.09706555 0 
201814445 1.9207631 0 
201814459 49.2450965 0 
201814487 44.32058685 0 
201814488 27.1358872 0 
201814513 41.99115075 0 
201814576 49.55160125 0 
201814688 58.8080447 0 
201814748 34.737205 0 
201814774 1.00124885 0 
201814793 30.22136835 0 
201814810 5.25144805 0 
201814851 49.55160125 0 
201814877 34.0424609 0 
201814920 54.12873885 0 
201814974 63.1399785 0 
201815019 28.21887065 0 
201815076 53.9039687 0 
201815093 61.1374808 0 
201815095 35.37064815 0 
201815134 27.0132853 0 
201815175 61.11704715 0 
201815218 44.72925985 0 
201815248 58.62414185 0 
201815300 32.4077689 0 
201815307 39.08957245 0 
201815314 33.12294665 0 
201815322 21.5779344 0 
201815342 61.15791445 0 
201815359 63.5077842 0 
201815535 58.6854428 0 
201815570 56.0699356 0 
201815616 54.2309071 0 
201815719 52.5962151 0 
201815855 34.14462915 0 
201815878 63.5486515 0 
201815913 1.5938247 0 
201815923 42.84936405 0 
201815965 66.4502298 0 
201815995 57.52072475 0 
201816030 65.44898095 0 
201816102 30.18050105 0 
201816111 60.21796655 0 
201816118 52.2284094 0 
201816133 33.511186 0 
201816218 59.5436561 0 
201816278 67.5127796 0 
201816292 40.2542905 0 
201816320 54.90521755 0 
201816403 17.42990345 0 
201816406 32.8573092 0 
201816459 56.25383845 0 
201816495 11.4837113 0 
201816615 64.7746705 0 
201816860 60.3201348 0 
201816917 27.68759575 0 
201816919 51.02282405 0 
201816952 32.71427365 0 
201817042 47.34476705 0 
201817202 52.0240729 0 
201817237 28.21887065 0 
201817262 61.2600827 0 
201817269 59.56408975 0 
201817327 3.61675605 0 
201817375 61.9956941 0 
201817403 55.7838645 0 
201817432 64.99944065 0 
201817463 58.58327455 0 
201817474 32.50993715 0 
201817530 66.9406374 0 
201817625 44.97446365 0 
201817693 34.14462915 0 
201817777 57.60245935 0 
201818041 8.39823015 0 
201818074 32.7347073 0 
201818117 12.3419246 0 
201818138 1.3486209 0 
201818147 7.33568035 0 
201818166 18.1042139 0 
201818169 50.40981455 0 
201818184 33.98115995 0 
201818247 33.32728315 0 
201818249 68.248391 0 
201818392 34.7780723 0 
201818395 33.5520533 0 
201818431 0.71517775 0 
201818442 0.7764787 0 
201818511 64.6520686 0 
201818527 45.34226935 0 
201818530 63.40561595 0 
201818582 30.2826693 0 
201818701 64.0390591 0 
201818709 51.02282405 0 
201818712 60.17709925 0 
201818727 14.4670242 0 
201818753 1.1851517 0 
201818816 67.04280565 0 
201818855 50.9206558 0 
201818907 32.67340635 0 
201818914 32.5712381 0 
201818925 34.14462915 0 
201818961 30.3644039 0 
201818963 0.96038155 0 
201818983 48.8364235 0 
201818992 57.1733527 0 
201818996 1.28731995 0 
201819054 27.3402237 0 
201819154 0.9399479 0 
201819159 33.7563898 0 
201819252 64.34556385 0 
201819318 28.0758351 0 
201819356 31.61085655 0 
201819367 60.5653386 0 
201819421 51.51323165 0 
201819433 27.5854275 0 
201819500 25.76683265 0 
201819529 59.9114618 0 
201819574 55.59996165 0 
201819582 64.2025283 0 
201819607 52.69838335 0 
201819707 3.86195985 0 
201819765 0.4904076 0 
201819773 3.49415415 0 
201819790 34.0015936 0 
201819819 2.8198437 0 
201819837 51.4110634 0 
201819959 48.8364235 0 
201819961 64.14122735 0 
201819982 4.2501992 0 
201820049 58.3176371 0 
201820107 57.03031715 0 
201820169 59.1349831 0 
201820301 49.5720349 0 
201820343 22.62005055 0 
201820374 2.71767545 0 
201820429 60.50403765 0 
201820430 48.5503524 0 
201820485 61.8322249 0 
201820499 8.3777965 0 
201820526 47.2834661 0 
201820542 16.98036315 0 
201820591 32.7347073 0 
201820783 0.6538768 0 
201820789 51.4110634 0 
201820809 63.8347226 0 
201820830 54.37394265 0 
201820838 14.65092705 0 
201820965 36.2901624 0 
201820967 60.95357795 0 
201821070 68.8205332 0 
201821184 24.52038 0 
201821204 41.275973 0 
201821215 51.1658596 0 
201821248 51.34976245 0 
201821261 7.6421851 0 
201821297 30.7730769 0 
201821355 59.97276275 0 
201821399 64.8972724 0 
201821401 68.4118602 0 
201821451 58.09286695 0 
201821476 1.08298345 0 
201821491 63.89602355 0 
201821648 30.6096077 0 
201821702 0.87864695 0 
201821773 1.45078915 0 
201821789 47.26303245 0 
201821960 57.03031715 0 
201822003 66.6954336 0 
201822038 44.56579065 0 
201822088 43.1967361 0 
201822179 50.4711155 0 
201822265 1.04211615 0 
201822269 31.3043518 0 
201822321 31.32478545 0 
201822356 30.79351055 0 
201822463 55.2934569 0 
201822507 4.2501992 0 
201822531 28.5662427 0 
201822633 14.4261569 0 
201822720 60.46317035 0 
201822777 2.1659669 0 
201822802 49.7763714 0 
201822817 64.30469655 0 
201822884 12.7097303 0 
201822943 60.7288078 0 
201822970 52.00363925 0 
201822985 22.21137755 0 
201823019 3.3511186 0 
201823131 1.00124885 0 
201823161 36.14712685 0 
201823228 56.5194759 0 
201823257 15.91781335 0 
201823281 32.5712381 0 
201823290 58.46067265 0 
201823291 50.04200885 0 
201823438 33.57248695 0 
201823496 61.6278884 0 
201823511 51.5336653 0 
201823526 59.3393196 0 
201823620 54.08787155 0 
201823640 33.53161965 0 
201823690 29.93529725 0 
201823699 55.88603275 0 
201823780 47.91690925 0 
201823797 54.45567725 0 
201823840 60.9331443 0 
201823849 33.89942535 0 
201823855 1.4303555 0 
201823870 3.33068495 0 
201823916 59.4619215 0 
201823934 35.7997548 0 
201823941 55.9473337 0 
201823997 32.1216978 0 
201824009 2.10466595 0 
201824087 47.7738737 0 
201824134 61.7913576 0 
201824191 59.89102815 0 
201824234 14.03791755 0 
201824280 57.64332665 0 
201824304 16.08128255 0 
201824326 7.9691235 0 
201824337 61.28051635 0 
201824385 47.2834661 0 
201824471 26.8089488 0 
201824500 55.96776735 0 
201824523 57.9498314 0 
201824586 32.59167175 0 
201824646 63.48735055 0 
201824692 62.7721728 0 
201824724 43.8097456 0 
201824829 2.34986975 0 
201824843 8.97037235 0 
201824886 64.91770605 0 
201825027 0.9808152 0 
201825066 54.49654455 0 
201825127 55.3751915 0 
201825183 31.9990959 0 
201825207 34.5328685 0 
201825247 57.6637603 0 
201825286 48.9590254 0 
201825320 29.19968585 0 
201825401 46.7113239 0 
201825410 57.84766315 0 
201825417 11.62674685 0 
201825432 21.92530645 0 
201825519 0.7764787 0 
201825531 58.8897793 0 
201825614 34.88024055 0 
201825695 59.2984523 0 
201825713 59.5845234 0 
201825730 57.97026505 0 
201825829 28.9340484 0 
201826041 59.64582435 0 
201826084 48.85685715 0 
201826197 2.34986975 0 
201826204 9.09297425 0 
201826206 35.6771529 0 
201826238 35.8814894 0 
201826253 48.28471495 0 
201826318 27.5445602 0 
201826392 31.6312902 0 
201826408 27.2176218 0 
201826426 48.9998927 0 
201826458 32.59167175 0 
201826498 39.25304165 0 
201826538 48.1008121 0 
201826575 50.0215752 0 
201826591 37.4753141 0 
201826608 50.98195675 0 
201826669 56.2742721 0 
201826683 0.7764787 0 
201826730 17.4503371 0 
201826733 47.1608642 0 
201826796 28.87274745 0 
201826869 58.7671774 0 
201826934 63.69168705 0 
201826940 29.9557309 0 
201826961 56.17210385 0 
201826962 19.0850291 0 
201826968 5.5988201 0 
201827226 62.2817652 0 
201827238 55.4977934 0 
201827249 51.2067269 0 
201827284 28.7297119 0 
201827332 56.90771525 0 
201827356 25.88943455 0 
201827476 64.0390591 0 
201827501 30.34397025 0 
201827525 27.0132853 0 
201827778 54.61914645 0 
201827780 1.81859485 0 
201827797 57.56159205 0 
201827826 47.09956325 0 
201827827 7.1517775 0 
201827849 59.19628405 0 
201827897 2.63594085 0 
201827917 23.84606955 0 
201827970 30.38483755 0 
201828047 55.51822705 0 
201828049 1.61425835 0 
201828083 42.27722185 0 
201828091 31.7947594 0 
201828111 52.1058075 0 
201828132 57.88853045 0 
201828164 57.88853045 0 
201828201 54.7213147 0 
201828393 5.21058075 0 
201828402 58.25633615 0 
201828465 3.7189243 0 
201828479 61.48485285 0 
201828489 59.35975325 0 
201828507 53.84266775 0 
201828619 54.82348295 0 
201828626 0.6538768 0 
201828649 49.14292825 0 
201828664 3.61675605 0 
201828749 67.022372 0 
201828757 63.81428895 0 
201828784 57.03031715 0 
201828803 45.09706555 0 
201828885 60.25883385 0 
201828964 59.4210542 0 
201828988 54.12873885 0 
201829016 53.63833125 0 
201829044 33.4294514 0 
201829078 28.5253754 0 
201829081 41.7663806 0 
201829130 51.0432577 0 
201829167 49.67420315 0 
201829183 31.28391815 0 
201829227 56.5603432 0 
201829246 4.495403 0 
201829343 21.76183725 0 
201829369 60.2792675 0 
201829508 30.63004135 0 
201829665 57.1733527 0 
201829698 56.0699356 0 
201829704 60.2792675 0 
201829719 46.997395 0 
201829746 33.28641585 0 
201829764 3.3919859 0 
201829799 58.62414185 0 
201829851 30.8548115 0 
201829863 21.250996 0 
201829880 15.05960005 0 
201829886 30.1600674 0 
201830103 31.97866225 0 
201830108 58.6037082 0 
201830193 66.75673455 0 
201830197 54.70088105 0 
201830224 5.61925375 0 
201830334 57.9906987 0 
201830384 48.8364235 0 
201830461 18.24724945 0 
201830511 32.75514095 0 
201830515 64.50903305 0 
201830530 62.50653535 0 
201830607 61.2192154 0 
201830690 32.3669016 0 
201830745 59.52322245 0 
201830769 60.6879405 0 
201830790 53.72006585 0 
201830877 42.7471958 0 
201831015 49.83767235 0 
201831046 8.0917254 0 
201831102 44.3818878 0 
201831124 49.91940695 0 
201831139 32.59167175 0 
201831179 60.5244713 0 
201831182 58.1133006 0 
201831236 58.95108025 0 
201831244 1.16471805 0 
201831261 63.36474865 0 
201831271 32.4895035 0 
201831355 53.0457554 0 
201831393 1.65512565 0 
201831415 66.4910971 0 
201831432 33.28641585 0 
201831452 49.4085657 0 
201831462 55.4160588 0 
201831483 56.17210385 0 
201831615 49.38813205 0 
201831628 24.5612473 0 
201831661 48.8364235 0 
201831720 57.9498314 0 
201831746 49.7355041 0 
201831767 62.3634998 0 
201831823 2.9015783 0 
201831861 59.0941158 0 
201831898 50.2259117 0 
201831913 1.634692 0 
201831927 1.69599295 0 
201831957 57.35725555 0 
201831968 54.8030493 0 
201832000 55.5386607 0 
201832040 51.63583355 0 
201832051 9.6855501 0 
201832057 6.0074931 0 
201832116 1.1034171 0 
201832130 2.75854275 0 
201832225 49.8989733 0 
201832226 33.49075235 0 
201832233 27.8714986 0 
201832238 37.49574775 0 
201832269 51.492798 0 
201832307 1.1442844 0 
201832350 57.7454949 0 
201832352 62.6495709 0 
201832402 1.4303555 0 
201832404 58.7263101 0 
201832409 60.79010875 0 
201832439 58.50153995 0 
201832532 66.1641587 0 
201832553 51.55409895 0 
201832585 55.7838645 0 
201832596 29.0566503 0 
201832597 64.95857335 0 
201832638 65.2650781 0 
201832831 53.84266775 0 
201832903 59.7071253 0 
201833027 29.7105271 0 
201833069 58.6037082 0 
201833079 33.12294665 0 
201833081 65.4285473 0 
201833154 1.4303555 0 
201833214 63.5077842 0 
201833220 35.3502145 0 
201833284 61.1783481 0 
201833354 60.17709925 0 
201833403 59.257585 0 
201833449 52.65751605 0 
201833462 44.136684 0 
201833490 1.32818725 0 
201833500 0.6947441 0 
201833505 58.50153995 0 
201833574 53.88353505 0 
201833600 12.9549341 0 
201833700 2.9833129 0 
201833707 30.13963375 0 
201833846 31.9582286 0 
201833856 64.0390591 0 
201833908 55.0482531 0 
201833950 30.6913423 0 
201834023 1.81859485 0 
201834036 57.92939775 0 
201834045 56.8464143 0 
201834071 66.613699 0 
201834104 43.83017925 0 
201834111 65.6737511 0 
201834133 40.2951578 0 
201834141 61.9956941 0 
201834185 54.4761109 0 
201834217 59.40062055 0 
201834222 4.2501992 0 
201834223 63.20127945 0 
201834224 55.579528 0 
201834231 2.9015783 0 
201834321 25.3785933 0 
201834393 1.7981612 0 
201834501 56.0699356 0 
201834534 25.48076155 0 
201834544 32.06039685 0 
201834557 1.73686025 0 
201834571 53.5770303 0 
201834650 49.2042292 0 
201834655 30.3235366 0 
201834707 16.48995555 0 
201834733 49.18379555 0 
201834738 25.19469045 0 
201834745 32.95947745 0 
201834821 61.1783481 0 
201834962 49.4903003 0 
201834995 38.6604658 0 
201835046 32.2442997 0 
201835078 50.69588565 0 
201835092 48.4686178 0 
201835153 59.97276275 0 
201835210 35.77932115 0 
201835225 48.65252065 0 
201835243 17.87944375 0 
201835253 30.54830675 0 
201835259 14.9574318 0 
201835267 57.0916181 0 
201835270 1.2668863 0 
201835320 59.7479926 0 
201835349 46.5069874 0 
201835357 60.6879405 0 
201835364 38.4969966 0 
201835375 61.36225095 0 
201835406 56.7646797 0 
201835506 51.901471 0 
201835539 15.120901 0 
201835586 55.988201 0 
201835597 60.01363005 0 
201835623 55.9473337 0 
201835647 52.78011795 0 
201835659 59.56408975 0 
201835675 45.87354425 0 
201835685 48.632087 0 
201835695 22.49744865 0 
201835735 60.1566656 0 
201835785 58.46067265 0 
201835824 57.39812285 0 
201835892 17.1233987 0 
201835956 50.85935485 0 
201835990 49.449433 0 
201836000 58.58327455 0 
201836042 56.2334048 0 
201836139 21.5779344 0 
201836167 55.31389055 0 
201836268 17.42990345 0 
201836315 60.1975329 0 
201836362 30.50743945 0 
201836407 10.68679895 0 
201836652 29.5879252 0 
201836657 48.8772908 0 
201836768 29.89442995 0 
201836808 24.29560985 0 
201836861 61.0148789 0 
201836917 55.1299877 0 
201836935 60.62663955 0 
201836958 30.2009347 0 
201837034 59.5436561 0 
201837047 54.98695215 0 
201837055 1.98206405 0 
201837164 25.23555775 0 
201837201 52.8005516 0 
201837397 42.23635455 0 
201837415 62.935642 0 
201837418 64.979007 0 
201837421 5.41491725 0 
201837434 12.73016395 0 
201837486 32.63253905 0 
201837526 64.50903305 0 
201837653 36.14712685 0 
201837678 56.6012105 0 
201837718 35.2276126 0 
201837745 60.38143575 0 
201837773 11.46327765 0 
201837818 56.2334048 0 
201837850 49.06119365 0 
201837938 60.074931 0 
201837943 53.0457554 0 
201837989 51.18629325 0 
201838044 49.42899935 0 
201838093 32.63253905 0 
201838130 36.5762335 0 
201838133 2.18640055 0 
201838137 18.4311523 0 
201838177 58.3585044 0 
201838199 33.00034475 0 
201838278 60.74924145 0 
201838307 37.37314585 0 
201838338 7.94868985 0 
201838342 27.76933035 0 
201838379 63.77342165 0 
201838435 58.25633615 0 
201838466 54.353509 0 
201838507 12.8731995 0 
201838553 58.50153995 0 
201838571 55.3343242 0 
201838651 9.1542752 0 
201838684 61.48485285 0 
201838731 59.2984523 0 
201838830 33.511186 0 
201838850 2.55420625 0 
201838904 1.69599295 0 
201838911 49.42899935 0 
201838917 66.9406374 0 
201838958 32.67340635 0 
201838974 52.45317955 0 
201838978 0.6538768 0 
201839000 24.25474255 0 
201839008 66.4910971 0 
201839037 54.37394265 0 
201839069 7.8056543 0 
201839123 1.85946215 0 
201839124 2.39073705 0 
201839130 59.5436561 0 
201839151 1.7981612 0 
201839237 64.7746705 0 
201839261 0.9399479 0 
201839264 25.39902695 0 
201839274 41.0307692 0 
201839309 65.40811365 0 
201839321 58.0724333 0 
201839337 0.79691235 0 
201839338 53.6178976 0 
201839406 48.8772908 0 
201839422 31.7538921 0 
201839426 30.5687404 0 
201839455 56.805547 0 
201839489 49.71507045 0 
201839497 27.6671621 0 
201839504 57.60245935 0 
201839508 45.87354425 0 
201839509 35.3093472 0 
201839511 26.8089488 0 
201839559 28.0758351 0 
201839567 58.7671774 0 
201839576 1.12385075 0 
201839655 17.5320717 0 
201839675 50.28721265 0 
201839830 31.9173613 0 
201839840 59.40062055 0 
201839845 60.7288078 0 
201839868 30.0374655 0 
201840017 28.4436408 0 
201840061 60.29970115 0 
201840081 49.2042292 0 
201840089 32.55080445 0 
201840131 15.6930432 0 
201840186 65.9598222 0 
201840204 30.3235366 0 
201840224 20.65842015 0 
201840254 9.8490193 0 
201840300 48.20298035 0 
201840466 34.10376185 0 
201840506 64.50903305 0 
201840613 59.2984523 0 
201840646 58.5628409 0 
201840687 57.6637603 0 
201840716 32.7347073 0 
201840737 58.9715139 0 
201840893 44.4227551 0 
201840989 56.78511335 0 
201841005 50.40981455 0 
201841007 59.7071253 0 
201841010 50.5937174 0 
201841033 0.7356114 0 
201841121 56.6420778 0 
201841170 25.76683265 0 
201841178 60.83097605 0 
201841222 58.21546885 0 
201841240 63.28301405 0 
201841249 54.49654455 0 
201841271 50.61415105 0 
201841278 47.87604195 0 
201841304 37.7205179 0 
201841335 25.1742568 0 
201841340 8.56169935 0 
201841427 11.42241035 0 
201841433 51.7788691 0 
201841470 30.05789915 0 
201841494 31.9990959 0 
201841553 55.6203953 0 
201841672 2.9833129 0 
201841717 55.2117223 0 
201841771 58.3176371 0 
201841786 46.69089025 0 
201841810 60.6470732 0 
201841830 18.45158595 0 
201841876 33.5520533 0 
201841916 32.285167 0 
201841917 57.7046276 0 
201841979 32.95947745 0 
201842002 23.703034 0 
201842053 33.5520533 0 
201842074 50.24634535 0 
201842115 60.70837415 0 
201842160 49.7763714 0 
201842163 0.7356114 0 
201842166 58.2767698 0 
201842218 49.14292825 0 
201842235 59.2984523 0 
201842297 44.27971955 0 
201842379 54.86435025 0 
201842451 60.9331443 0 
201842528 51.2475942 0 
201842578 59.1758504 0 
201842591 60.7288078 0 
201842619 52.9231535 0 
201842631 54.66001375 0 
201842635 58.8080447 0 
201842658 29.52662425 0 
201842672 56.58077685 0 
201842673 48.65252065 0 
201842729 9.99205485 0 
201842763 42.7063285 0 
201842764 51.75843545 0 
201842787 60.17709925 0 
201842819 49.449433 0 
201842844 21.6188017 0 
201842867 46.77262485 0 
201842896 31.1000153 0 
201842927 1.1034171 0 
201842939 41.275973 0 
201842948 63.7121207 0 
201842958 67.1041066 0 
201842969 35.554551 0 
201843056 33.7563898 0 
201843069 0.9808152 0 
201843171 49.5720349 0 
201843274 60.2792675 0 
201843277 58.37893805 0 
201843306 9.1951425 0 
201843333 48.97945905 0 
201843339 66.9815047 0 
201843394 32.0399632 0 
201843423 59.56408975 0 
201843477 30.22136835 0 
201843506 27.8306313 0 
201843507 0.8990806 0 
201843617 52.24884305 0 
201843625 66.02112315 0 
201843712 51.34976245 0 
201843731 35.1050107 0 
201843800 49.6129022 0 
201843809 30.50743945 0 
201843812 12.0149862 0 
201843941 14.03791755 0 
201843973 32.50993715 0 
201843986 39.04870515 0 
201844093 3.65762335 0 
201844121 47.05869595 0 
201844176 1.6755593 0 
201844282 31.1000153 0 
201844311 12.11715445 0 
201844411 3.04461385 0 
201844428 67.24714215 0 
201844435 43.54410815 0 
201844489 47.05869595 0 
201844508 54.04700425 0 
201844554 55.579528 0 
201844593 57.43899015 0 
201844649 35.90192305 0 
201844663 52.1875421 0 
201844675 49.9398406 0 
201844711 51.92190465 0 
201844741 14.77352895 0 
201844755 57.5411584 0 
201844792 1.226019 0 
201844818 36.6579681 0 
201844890 51.96277195 0 
201844965 32.2034324 0 
201845111 57.7863622 0 
201845126 47.814741 0 
201845217 0.5721422 0 
201845254 35.2684799 0 
201845257 42.2976555 0 
201845286 1.7981612 0 
201845297 62.87434105 0 
201845324 41.37814125 0 
201845375 0.71517775 0 
201845383 50.36894725 0 
201845390 46.2209163 0 
201845462 28.58667635 0 
201845513 56.7238124 0 
201845542 25.11295585 0 
201845634 60.074931 0 
201845652 34.26723105 0 
201845671 33.3477168 0 
201845677 59.48235515 0 
201845690 1.32818725 0 
201845821 56.13123655 0 
201845846 48.28471495 0 
201845879 48.89772445 0 
201845901 49.63333585 0 
201845905 1.6755593 0 
201845908 2.02293135 0 
201846032 7.4378486 0 
201846073 45.1174992 0 
201846158 58.1133006 0 
201846168 26.25724025 0 
201846177 33.08207935 0 
201846236 47.6921391 0 
201846326 32.69384 0 
201846331 53.12749 0 
201846433 64.91770605 0 
201846505 58.9306466 0 
201846510 41.4394422 0 
201846518 59.27801865 0 
201846544 58.66500915 0 
201846561 45.1174992 0 
201846586 47.42650165 0 
201846590 45.8531106 0 
201846781 34.0015936 0 
201846817 57.07118445 0 
201846824 50.36894725 0 
201846855 47.8964756 0 
201846862 61.2600827 0 
201846894 0.9808152 0 
201846895 59.9114618 0 
201846900 6.35486515 0 
201846977 58.6445755 0 
201847033 46.93609405 0 
201847043 38.3743947 0 
201847058 57.2959546 0 
201847092 52.0649402 0 
201847100 59.48235515 0 
201847129 51.39062975 0 
201847291 53.9857033 0 
201847298 30.09876645 0 
201847450 14.712228 0 
201847457 54.90521755 0 
201847481 32.1216978 0 
201847562 46.65002295 0 
201847580 17.6955409 0 
201847598 2.1659669 0 
201847603 62.6904382 0 
201847652 42.93109865 0 
201847717 58.99194755 0 
201847735 57.76592855 0 
201847765 40.6629635 0 
201847801 28.83188015 0 
201847827 66.5728317 0 
201847907 13.83358105 0 
201847993 26.74764785 0 
201848028 3.9232608 0 
201848047 32.55080445 0 
201848059 59.89102815 0 
201848060 5.66012105 0 
201848093 28.6888446 0 
201848125 57.23465365 0 
201848179 35.65671925 0 
201848281 43.4010726 0 
201848296 57.8680968 0 
201848320 53.35226015 0 
201848347 0.75604505 0 
201848367 33.53161965 0 
201848429 71.2725712 0 
201848455 59.7888599 0 
201848515 1.3486209 0 
201848566 0.83777965 0 
201848608 51.71756815 0 
201848683 32.26473335 0 
201848745 57.80679585 0 
201848777 62.118296 0 
201848784 49.04076 0 
201848793 46.9565277 0 
201848856 0.91951425 0 
201848857 48.89772445 0 
201848913 12.8731995 0 
201848963 30.05789915 0 
201848974 52.8414189 0 
201848977 58.70587645 0 
201849009 6.130095 0 
201849098 57.0916181 0 
201849200 53.63833125 0 
201849220 30.7322096 0 
201849224 50.1850444 0 
201849280 48.69338795 0 
201849309 3.1876494 0 
201849328 15.99954795 0 
201849338 63.0991112 0 
201849342 52.5144805 0 
201849388 48.81598985 0 
201849423 60.29970115 0 
201849505 32.75514095 0 
201849532 46.6704566 0 
201849538 32.06039685 0 
201849543 63.3034477 0 
201849548 33.00034475 0 
201849558 47.05869595 0 
201849567 58.440239 0 
201849634 44.27971955 0 
201849953 57.1324854 0 
201849976 56.45817495 0 
201849989 44.15711765 0 
201850018 59.56408975 0 
201850024 51.492798 0 
201850122 49.42899935 0 
201850218 51.84017005 0 
201850284 60.13623195 0 
201850295 60.54490495 0 
201850338 32.22386605 0 
201850397 26.7272142 0 
201850413 57.11205175 0 
201850494 1.57339105 0 
201850531 44.0140821 0 
201850750 54.86435025 0 
201850824 3.82109255 0 
201850856 34.34896565 0 
201850883 3.08548115 0 
201851019 48.1825467 0 
201851066 32.59167175 0 
201851240 31.5086883 0 
201851305 48.61165335 0 
201851312 58.8897793 0 
201851315 49.4085657 0 
201851321 27.7488967 0 
201851405 53.12749 0 
201851502 50.77762025 0 
201851617 62.2000306 0 
201851715 50.28721265 0 
201851722 33.77682345 0 
201851772 27.1358872 0 
201851781 58.21546885 0 
201851799 62.7721728 0 
201851814 60.074931 0 
201851865 51.39062975 0 
201851944 48.03951115 0 
201851956 28.1575697 0 
201852098 53.5770303 0 
201852138 1.4303555 0 
201852199 36.22886145 0 
201852200 16.81689395 0 
201852250 53.67919855 0 
201852283 46.7521912 0 
201852355 26.5228777 0 
201852389 58.50153995 0 
201852409 60.50403765 0 
201852431 23.4169629 0 
201852493 67.98275355 0 
201852549 49.96027425 0 
201852580 54.12873885 0 
201852641 62.7721728 0 
201852663 1.16471805 0 
201852681 1.4712228 0 
201852752 61.3418173 0 
201852771 25.27642505 0 
201852788 52.45317955 0 
201852855 58.01113235 0 
201852882 59.0532485 0 
201852895 28.75014555 0 
201852946 0.9399479 0 
201852974 51.492798 0 
201853015 52.1466748 0 
201853053 59.07368215 0 
201853063 3.45328685 0 
201853084 31.16131625 0 
201853105 31.28391815 0 
201853142 52.5144805 0 
201853165 49.46986665 0 
201853180 61.2192154 0 
201853193 24.00953875 0 
201853210 63.81428895 0 
201853354 49.30639745 0 
201853381 47.46736895 0 
201853397 45.99614615 0 
201853463 61.97526045 0 
201853474 53.92440235 0 
201853547 0.83777965 0 
201853604 58.1541679 0 
201853612 28.9749157 0 
201853649 34.4920012 0 
201853720 56.1925375 0 
201853736 30.8139442 0 
201853754 60.1566656 0 
201853779 60.7696751 0 
201853796 59.31888595 0 
201853857 59.11454945 0 
201853893 63.6712534 0 
201853934 3.1876494 0 
201854006 31.3860864 0 
201854020 49.6129022 0 
201854058 49.14292825 0 
201854154 26.70678055 0 
201854267 43.42150625 0 
201854323 34.0833282 0 
201854345 28.79101285 0 
201854396 30.4461385 0 
201854428 29.9148636 0 
201854470 59.9114618 0 
201854522 58.6854428 0 
201854578 3.5145878 0 
201854580 34.79850595 0 
201854611 53.9039687 0 
201854619 27.789764 0 
201854649 31.7538921 0 
201854652 51.26802785 0 
201854746 53.944836 0 
201854823 57.76592855 0 
201854904 35.53411735 0 
201854926 55.988201 0 
201854944 55.0482531 0 
201854978 56.3151394 0 
201854987 58.7263101 0 
201855008 52.8822862 0 
201855043 28.05540145 0 
201855046 51.9832056 0 
201855098 55.3343242 0 
201855100 14.85526355 0 
201855116 27.2176218 0 
201855156 53.8222341 0 
201855165 14.8348299 0 
201855181 2.92201195 0 
201855199 57.11205175 0 
201855255 51.9423383 0 
201855267 59.56408975 0 
201855279 52.16710845 0 
201855304 13.30230615 0 
201855350 26.33897485 0 
201855354 48.77512255 0 
201855366 49.0816273 0 
201855371 13.50664265 0 
201855382 49.1224946 0 
201855491 0.83777965 0 
201855508 58.1541679 0 
201855642 19.51413575 0 
201855704 5.6396874 0 
201855749 59.2167177 0 
201855757 23.3760956 0 
201855772 42.2567882 0 
201855858 2.02293135 0 
201855871 17.4912044 0 
201855873 35.86105575 0 
201855889 69.41310905 0 
201855956 18.3085504 0 
201855997 1.7572939 0 
201856011 62.38393345 0 
201856174 61.15791445 0 
201856339 14.07878485 0 
201856360 57.35725555 0 
201856396 62.01612775 0 
201856405 0.42910665 0 
201856407 62.3634998 0 
201856439 2.6972418 0 
201856445 60.17709925 0 
201856448 1.9616304 0 
201856481 48.9181581 0 
201856501 58.6854428 0 
201856571 31.6312902 0 
201856619 48.69338795 0 
201856645 26.7680815 0 
201856672 51.8606037 0 
201856683 49.3676984 0 
201856687 55.2525896 0 
201856715 44.4227551 0 
201856722 34.8189396 0 
201856786 16.8373276 0 
201856815 64.6520686 0 
201856816 28.75014555 0 
201856891 32.63253905 0 
201856924 1.16471805 0 
201856940 1.4303555 0 
201857027 59.5436561 0 
201857035 31.36565275 0 
201857059 60.79010875 0 
201857124 54.70088105 0 
201857155 49.87853965 0 
201857185 52.41231225 0 
201857241 29.5879252 0 
201857396 27.9941005 0 
201857447 24.8064511 0 
201857488 42.2567882 0 
201857583 0.9399479 0 
201857600 49.87853965 0 
201857610 51.22716055 0 
201857613 32.9390438 0 
201857655 29.52662425 0 
201857708 50.4302482 0 
201857722 27.93279955 0 
201857746 63.6712534 0 
201857769 33.3477168 0 
201857797 42.0524517 0 
201857846 31.81519305 0 
201857921 50.45068185 0 
201857956 54.8439166 0 
201858033 36.02452495 0 
201858058 60.074931 0 
201858143 11.42241035 0 
201858150 34.9824088 0 
201858247 31.5904229 0 
201858282 22.5587496 0 
201858293 8.2551946 0 
201858332 59.3393196 0 
201858344 55.15042135 0 
201858384 34.0015936 0 
201858390 64.63163495 0 
201858496 1.90032945 0 
201858518 27.3402237 0 
201858597 54.2309071 0 
201858599 41.5211768 0 
201858612 50.8797885 0 
201858645 31.65172385 0 
201858646 31.36565275 0 
201858686 59.23715135 0 
201858862 31.07958165 0 
201858914 69.94438395 0 
201859138 54.98695215 0 
201859140 0.91951425 0 
201859152 49.42899935 0 
201859194 35.7180202 0 
201859216 60.42230305 0 
201859362 60.54490495 0 
201859393 59.6253907 0 
201859398 2.5746399 0 
201859424 27.381091 0 
201859447 59.35975325 0 
201859487 6.96787465 0 
201859517 55.19128865 0 
201859526 65.32637905 0 
201859529 49.38813205 0 
201859551 8.76603585 0 
201859558 26.8906834 0 
201859566 23.60086575 0 
201859723 26.21637295 0 
201859741 39.53911275 0 
201859794 5.45578455 0 
201859821 48.9590254 0 
201859871 50.08287615 0 
201859896 31.0182807 0 
201859902 14.28312135 0 
201859935 48.36644955 0 
201859973 22.9265553 0 
201859997 18.8398253 0 
201860033 34.1241955 0 
201860035 31.5086883 0 
201860152 58.29720345 0 
201860222 52.00363925 0 
201860242 16.9599295 0 
201860245 24.1934416 0 
201860297 66.18459235 0 
201860380 43.9732148 0 
201860442 35.5136837 0 
201860455 39.94778575 0 
201860516 61.0557462 0 
201860527 66.55239805 0 
201860585 39.70258195 0 
201860608 52.0240729 0 
201860653 43.319338 0 
201860722 33.94029265 0 
201860765 18.1450812 0 
201860840 50.3893809 0 
201860921 52.45317955 0 
201860985 57.60245935 0 
201861020 59.07368215 0 
201861036 60.46317035 0 
201861067 63.93689085 0 
201861069 28.13713605 0 
201861091 44.3818878 0 
201861094 0.6947441 0 
201861116 50.98195675 0 
201861147 60.3610021 0 
201861156 47.30389975 0 
201861160 43.9732148 0 
201861180 62.4452344 0 
201861231 38.06788995 0 
201861327 44.48405605 0 
201861328 60.7288078 0 
201861526 56.3560067 0 
201861594 49.5720349 0 
201861595 58.66500915 0 
201861604 65.6737511 0 
201861675 38.2109255 0 
201861760 59.0532485 0 
201861767 61.7913576 0 
201861804 21.39403155 0 
201861844 34.6146031 0 
201861898 65.12204255 0 
201861980 52.6370824 0 
201862055 60.17709925 0 
201862082 53.47486205 0 
201862104 17.0007968 0 
201862151 3.41241955 0 
201862262 25.6237971 0 
201862404 13.42490805 0 
201862435 53.6996322 0 
201862530 44.8314281 0 
201862554 40.27472415 0 
201862561 27.0950199 0 
201862563 25.43989425 0 
201862589 35.24804625 0 
201862635 9.9716212 0 
201862680 61.4235519 0 
201862715 11.5654459 0 
201862727 44.5862243 0 
201862737 52.12624115 0 
201862738 16.6329911 0 
201862783 17.92031105 0 
201862799 6.68180355 0 
201862819 15.3252375 0 
201862858 50.36894725 0 
201862875 29.5061906 0 
201862988 18.49245325 0 
201863071 61.36225095 0 
201863093 0.67431045 0 
201863094 37.78181885 0 
201863118 11.13633925 0 
201863205 44.2184186 0 
201863244 62.30219885 0 
201863350 48.48905145 0 
201863443 55.6612626 0 
201863453 12.5462611 0 
201863475 50.266779 0 
201863481 26.8089488 0 
201863488 50.08287615 0 
201863502 60.25883385 0 
201863521 10.27812595 0 
201863634 21.23056235 0 
201863635 50.98195675 0 
201863639 50.7163193 0 
201863759 3.12634845 0 
201863773 57.7454949 0 
201863827 34.63503675 0 
201863835 38.31309375 0 
201863925 65.08117525 0 
201863932 48.7546889 0 
201863981 28.83188015 0 
201864068 60.87184335 0 
201864159 61.93439315 0 
201864208 61.19878175 0 
201864253 48.16211305 0 
201864262 20.29061445 0 
201864323 60.79010875 0 
201864342 55.4977934 0 
201864370 15.10046735 0 
201864428 32.5303708 0 
201864463 64.75423685 0 
201864478 30.8139442 0 
201864502 51.7380018 0 
201864517 12.11715445 0 
201864548 10.216825 0 
201864598 59.5845234 0 
201864602 60.4427367 0 
201864620 53.88353505 0 
201864646 0.8582133 0 
201864650 59.8297272 0 
201864681 51.084125 0 
201864719 31.32478545 0 
201864800 52.6370824 0 
201864816 23.5395648 0 
201864841 5.53751915 0 
201864844 25.746399 0 
201864887 56.6420778 0 
201865143 0.9399479 0 
201865163 11.38154305 0 
201865165 27.27892275 0 
201865287 63.11954485 0 
201865293 56.4786086 0 
201865303 49.6946368 0 
201865314 58.99194755 0 
201865375 1.20558535 0 
201865415 59.9114618 0 
201865532 61.1783481 0 
201865543 59.07368215 0 
201865576 59.3801869 0 
201865590 29.40402235 0 
201865669 61.7913576 0 
201865871 61.7504903 0 
201865980 48.61165335 0 
201866044 10.15552405 0 
201866156 21.7005363 0 
201866166 48.12124575 0 
201866184 60.17709925 0 
201866197 60.29970115 0 
201866213 59.97276275 0 
201866223 3.20808305 0 
201866234 61.30095 0 
201866281 0.51084125 0 
201866303 26.972418 0 
201866368 5.37404995 0 
201866370 58.50153995 0 
201866397 24.99035395 0 
201866542 62.7721728 0 
201866649 59.80929355 0 
201866670 50.1033098 0 
201866691 50.73675295 0 
201866692 51.71756815 0 
201866730 65.40811365 0 
201866740 55.35475785 0 
201866765 47.814741 0 
201866840 51.901471 0 
201866845 3.53502145 0 
201866933 22.885688 0 
201866945 53.80180045 0 
201866964 55.0073858 0 
201867015 63.36474865 0 
201867138 32.4486362 0 
201867158 61.30095 0 
201867229 52.82098525 0 
201867230 47.05869595 0 
201867291 1.3894882 0 
201867314 48.97945905 0 
201867384 45.8122433 0 
201867399 51.6153999 0 
201867425 30.5278731 0 
201867482 21.02622585 0 
201867508 31.4269537 0 
201867588 25.9098682 0 
201867621 60.9331443 0 
201867636 59.8705945 0 
201867637 58.0724333 0 
201867700 62.9765093 0 
201867756 60.34056845 0 
201867790 62.8539074 0 
201867842 26.50244405 0 
201867854 25.5011952 0 
201867865 53.84266775 0 
201867901 51.8197364 0 
201867906 61.44398555 0 
201867958 8.19389365 0 
201867962 8.2960619 0 
201867963 59.7479926 0 
201867978 10.1350904 0 
201868050 25.9098682 0 
201868205 49.18379555 0 
201868219 2.1659669 0 
201868228 14.77352895 0 
201868254 10.6663653 0 
201868263 57.5820257 0 
201868367 24.5612473 0 
201868374 11.34067575 0 
201868573 44.11625035 0 
201868600 62.4452344 0 
201868603 25.0516549 0 
201868640 50.9615231 0 
201868756 5.16971345 0 
201868759 57.2959546 0 
201868812 56.8872816 0 
201868819 63.0173766 0 
201868832 60.7696751 0 
201868909 51.1249923 0 
201868994 50.73675295 0 
201869112 0.9808152 0 
201869311 42.910665 0 
201869341 27.72846305 0 
201869357 40.5403616 0 
201869367 4.9449433 0 
201869486 60.6062059 0 
201869496 58.91021295 0 
201869509 28.38233985 0 
201869572 1.04211615 0 
201869594 28.17800335 0 
201869623 66.42979615 0 
201869629 56.37644035 0 
201869640 64.2025283 0 
201869780 40.47906065 0 
201869829 55.9473337 0 
201869927 43.54410815 0 
201869942 58.848912 0 
201869954 54.5169782 0 
201869962 11.62674685 0 
201870015 61.32138365 0 
201870140 42.501992 0 
201870185 53.0048881 0 
201870207 52.94358715 0 
201870220 53.84266775 0 
201870250 58.21546885 0 
201870273 49.91940695 0 
201870275 39.17130705 0 
201870289 21.63923535 0 
201870300 53.76093315 0 
201870370 67.022372 0 
201870429 24.78601745 0 
201870442 57.9906987 0 
201870446 26.3185412 0 
201870611 57.0098835 0 
201870647 19.75933955 0 
201870749 21.7414036 0 
201870818 51.0023904 0 
201870867 34.4102666 0 
201870875 51.22716055 0 
201870920 59.48235515 0 
201870939 24.66341555 0 
201870943 52.41231225 0 
201870958 30.8139442 0 
201870996 40.88773365 0 
201871027 56.2742721 0 
201871052 29.52662425 0 
201871177 4.31150015 0 
201871203 60.50403765 0 
201871270 51.4110634 0 
201871287 30.9365461 0 
201871294 52.61664875 0 
201871339 49.26553015 0 
201871389 26.8089488 0 
201871396 48.61165335 0 
201871410 60.3610021 0 
201871587 58.17460155 0 
201871693 64.8155378 0 
201871706 50.20547805 0 
201871727 30.99784705 0 
201871728 47.2425988 0 
201871754 1.73686025 0 
201871769 44.44318875 0 
201871840 46.4661201 0 
201871915 54.25134075 0 
201871951 1.77772755 0 
201871973 54.7213147 0 
201872014 28.30060525 0 
201872070 53.12749 0 
201872190 49.9398406 0 
201872285 60.5653386 0 
201872425 57.27552095 0 
201872537 45.21966745 0 
201872579 65.6737511 0 
201872580 57.622893 0 
201872595 3.7597916 0 
201872672 35.5954183 0 
201872718 49.96027425 0 
201872773 68.10535545 0 
201872796 2.043365 0 
201872878 53.7404995 0 
201872885 59.89102815 0 
201872890 67.24714215 0 
201872919 15.2435029 0 
201872940 38.27222645 0 
201873017 25.39902695 0 
201873041 35.24804625 0 
201873154 9.0725406 0 
201873161 63.6303861 0 
201873180 51.492798 0 
201873285 11.4019767 0 
201873363 45.46487125 0 
201873372 53.3726938 0 
201873414 23.4986975 0 
201873435 4.8632087 0 
201873437 30.3644039 0 
201873554 44.56579065 0 
201873562 26.74764785 0 
201873625 58.9715139 0 
201873661 56.7238124 0 
201873686 25.9507355 0 
201873790 58.7263101 0 
201873820 31.24305085 0 
201873851 54.7213147 0 
201873896 35.49325005 0 
201873967 51.79930275 0 
201873972 48.16211305 0 
201874006 60.5653386 0 
201874018 49.34726475 0 
201874090 49.449433 0 
201874107 47.67170545 0 
201874130 33.2251149 0 
201874246 26.7272142 0 
201874263 28.62754365 0 
201874307 32.71427365 0 
201874338 54.16960615 0 
201874439 23.294361 0 
201874443 61.5052865 0 
201874488 57.03031715 0 
201874502 47.91690925 0 
201874538 61.8730922 0 
201874549 58.3993717 0 
201874567 51.88103735 0 
201874573 54.8439166 0 
201874592 53.12749 0 
201874618 46.52742105 0 
201874744 1.28731995 0 
201874759 55.02781945 0 
201875007 49.5720349 0 
201875053 24.94948665 0 
201875093 60.6470732 0 
201875139 53.67919855 0 
201875140 51.55409895 0 
201875236 50.2259117 0 
201875248 53.43399475 0 
201875268 52.5962151 0 
201875346 53.31139285 0 
201875405 38.2517928 0 
201875424 53.0048881 0 
201875437 59.0123812 0 
201875487 49.51073395 0 
201875547 57.07118445 0 
201875627 54.12873885 0 
201875824 58.5628409 0 
201875868 29.64922615 0 
201875880 52.73925065 0 
201875932 64.570334 0 
201876133 1.6755593 0 
201876144 30.63004135 0 
201876169 58.7671774 0 
201876172 59.6253907 0 
201876266 10.3802942 0 
201876371 15.14133465 0 
201876416 59.257585 0 
201876433 59.9114618 0 
201876501 48.48905145 0 
201876507 66.7363009 0 
201876531 49.0816273 0 
201876550 33.94029265 0 
201876743 57.1324854 0 
201877095 60.29970115 0 
201877124 67.431045 0 
201877171 61.60745475 0 
201877212 58.5219736 0 
201877223 59.7071253 0 
201877241 51.8606037 0 
201877245 6.9065737 0 
201877285 50.1441771 0 
201877303 54.86435025 0 
201877365 65.0607416 0 
201877369 52.41231225 0 
201877384 34.34896565 0 
201877386 58.0724333 0 
201877455 46.85435945 0 
201877502 32.14213145 0 
201877504 23.80520225 0 
201877511 38.6604658 0 
201877513 48.7546889 0 
201877674 5.90532485 0 
201877780 36.84187095 0 
201877821 60.9740116 0 
201877965 23.76433495 0 
201877976 40.9899019 0 
201878009 60.7288078 0 
201878022 44.0958167 0 
201878122 63.4260496 0 
201878125 31.059148 0 
201878177 17.10296505 0 
201878184 42.76762945 0 
201878214 10.40072785 0 
201878256 55.0482531 0 
201878315 51.34976245 0 
201878327 60.62663955 0 
201878435 25.97116915 0 
201878449 31.7130248 0 
201878469 61.19878175 0 
201878473 34.92110785 0 
201878477 45.7305087 0 
201878488 24.8881857 0 
201878509 11.79021605 0 
201878574 2.30900245 0 
201878577 7.6421851 0 
201878595 0.87864695 0 
201878617 61.44398555 0 
201878642 49.449433 0 
201878662 24.21387525 0 
201878761 66.22545965 0 
201878762 53.27052555 0 
201878788 1.7981612 0 
201878851 57.80679585 0 
201878914 26.37984215 0 
201878931 58.7263101 0 
201878944 50.28721265 0 
201879017 54.9665185 0 
201879093 53.96526965 0 
201879129 1.3077536 0 
201879140 32.71427365 0 
201879187 62.8539074 0 
201879229 61.7504903 0 
201879262 49.449433 0 
201879292 36.35146335 0 
201879304 60.0340637 0 
201879348 53.06618905 0 
201879392 60.2384002 0 
201879420 47.8556083 0 
201879468 57.8272295 0 
201879483 62.62913725 0 
201879492 57.9906987 0 
201879511 38.96697055 0 
201879537 62.0774287 0 
201879538 59.35975325 0 
201879686 30.71177595 0 
201879701 53.7813668 0 
201879705 59.60495705 0 
201879736 55.27302325 0 
201879908 35.45238275 0 
201879918 28.87274745 0 
201879944 27.8306313 0 
201879997 40.27472415 0 
201880016 0.6130095 0 
201880058 46.40481915 0 
201880062 54.37394265 0 
201880134 60.50403765 0 
201880146 28.1575697 0 
201880326 51.0432577 0 
201880343 8.23476095 0 
201880397 66.06199045 0 
201880494 53.536163 0 
201880556 49.04076 0 
201880595 66.4093625 0 
201880604 51.06369135 0 
201880651 57.1324854 0 
201880727 27.56499385 0 
201880730 54.2717744 0 
201880740 64.1207937 0 
201880748 54.762182 0 
201880768 67.36974405 0 
201880788 53.6178976 0 
201880909 61.36225095 0 
201880951 60.0340637 0 
201881039 54.1900398 0 
201881064 49.5720349 0 
201881078 59.07368215 0 
201881090 52.53491415 0 
201881112 58.3176371 0 
201881171 50.94108945 0 
201881204 27.4219583 0 
201881206 28.87274745 0 
201881249 29.5470579 0 
201881269 30.01703185 0 
201881275 53.8222341 0 
201881320 40.56079525 0 
201881332 54.4352436 0 
201881335 66.02112315 0 
201881336 35.82018845 0 
201881358 42.5837266 0 
201881367 31.7947594 0 
201881418 56.9281489 0 
201881429 50.57328375 0 
201881465 43.66671005 0 
201881471 2.14553325 0 
201881479 43.33977165 0 
201881541 3.5963224 0 
201881551 68.3709929 0 
201881567 15.8565124 0 
201881599 30.13963375 0 
201881627 46.9565277 0 
201881629 30.87524515 0 
201881632 3.57588875 0 
201881666 48.36644955 0 
201881721 49.3268311 0 
201881729 48.4686178 0 
201881736 38.5378639 0 
201881761 52.24884305 0 
201881806 32.8573092 0 
201881816 47.30389975 0 
201881852 54.1900398 0 
201881878 58.25633615 0 
201881930 51.7380018 0 
201881954 61.0966135 0 
201881964 17.4094698 0 
201881985 45.21966745 0 
201881998 48.32558225 0 
201882011 29.5879252 0 
201882012 1.28731995 0 
201882026 31.059148 0 
201882149 50.00114155 0 
201882269 29.015783 0 
201882287 58.33807075 0 
201882364 33.57248695 0 
201882460 37.8431198 0 
201882477 61.32138365 0 
201882496 69.1066043 0 
201882587 52.4327459 0 
201882590 17.4094698 0 
201882619 5.45578455 0 
201882636 51.71756815 0 
201882637 69.2700735 0 
201882722 23.84606955 0 
201882825 58.29720345 0 
201882843 62.8947747 0 
201882885 59.03281485 0 
201882937 64.34556385 0 
201882957 59.7071253 0 
201882959 70.6595617 0 
201882985 66.3684952 0 
201883010 55.76343085 0 
201883048 70.5778271 0 
201883106 57.07118445 0 
201883147 22.8039534 0 
201883157 29.07708395 0 
201883286 50.08287615 0 
201883361 9.7672847 0 
201883368 59.52322245 0 
201883384 56.805547 0 
201883453 59.68669165 0 
201883494 59.8297272 0 
201883500 49.858106 0 
201883568 49.34726475 0 
201883603 3.3511186 0 
201883630 59.7888599 0 
201883653 64.75423685 0 
201883699 30.5687404 0 
201883737 48.1008121 0 
201883893 3.53502145 0 
201883903 1.81859485 0 
201883921 35.12544435 0 
201883992 53.35226015 0 
201884010 27.4219583 0 
201884014 55.68169625 0 
201884038 47.58997085 0 
201884046 60.13623195 0 
201884056 4.3319338 0 
201884071 29.833129 0 
201884232 60.34056845 0 
201884252 54.4761109 0 
201884283 52.718817 0 
201884285 29.5879252 0 
201884379 28.66841095 0 
201884423 61.5461538 0 
201884475 28.66841095 0 
201884487 51.9423383 0 
201884499 1.04211615 0 
201884530 21.84357185 0 
201884559 1.04211615 0 
201884644 58.62414185 0 
201884649 26.1142047 0 
201884708 31.467821 0 
201884710 0.6538768 0 
201884713 60.2792675 0 
201884734 28.0349678 0 
201884745 46.20048265 0 
201884752 31.059148 0 
201884766 27.4628256 0 
201884819 52.8005516 0 
201884852 47.8556083 0 
201884863 30.6913423 0 
201884917 23.19219275 0 
201884942 10.9524364 0 
201884954 50.49154915 0 
201884959 53.84266775 0 
201885023 22.37484675 0 
201885058 3.16721575 0 
201885086 52.8822862 0 
201885185 28.2801716 0 
201885214 0.7764787 0 
201885305 56.3151394 0 
201885325 1.53252375 0 
201885410 1.94119675 0 
201885459 56.78511335 0 
201885523 37.00534015 0 
201885585 44.0549494 0 
201885587 18.0224793 0 
201885599 51.67670085 0 
201885619 65.28551175 0 
201885681 58.66500915 0 
201885706 61.68918935 0 
201885929 2.18640055 0 
201886006 52.65751605 0 
201886117 51.59496625 0 
201886128 66.0006895 0 
201886172 38.006589 0 
201886198 8.76603585 0 
201886205 24.3160435 0 
201886262 1.8390285 0 
201886269 52.6779497 0 
201886273 17.164266 0 
201886288 67.20627485 0 
201886340 54.3943763 0 
201886343 41.2351057 0 
201886372 45.3218357 0 
201886377 61.81179125 0 
201886417 54.9665185 0 
201886485 0.9808152 0 
201886487 20.5153846 0 
201886530 19.71847225 0 
201886549 68.9840024 0 
201886554 46.89522675 0 
201886600 30.4461385 0 
201886633 53.02532175 0 
201886656 47.09956325 0 
201886658 44.0140821 0 
201886683 43.3602053 0 
201886823 13.75184645 0 
201886834 58.29720345 0 
201887024 51.2067269 0 
201887025 49.91940695 0 
201887035 51.492798 0 
201887096 53.9857033 0 
201887131 0.67431045 0 
201887169 53.39312745 0 
201887198 56.53990955 0 
201887221 46.73175755 0 
201887247 54.53741185 0 
201887249 54.45567725 0 
201887352 57.43899015 0 
201887383 27.11545355 0 
201887392 59.6253907 0 
201887474 59.7888599 0 
201887549 56.82598065 0 
201887635 59.97276275 0 
201887636 58.46067265 0 
201887650 42.7063285 0 
201887663 53.9857033 0 
201887702 58.2767698 0 
201887714 27.89193225 0 
201887716 13.26143885 0 
201887751 60.483604 0 
201887754 1.7164266 0 
201887809 8.2551946 0 
201887810 44.32058685 0 
201887829 64.6929359 0 
201887848 1.73686025 0 
201887856 13.01623505 0 
201887877 61.0966135 0 
201887909 56.94858255 0 
201887914 63.16041215 0 
201887933 3.69849065 0 
201888022 26.5228777 0 
201888028 0.55170855 0 
201888205 45.3218357 0 
201888293 55.988201 0 
201888294 54.1491725 0 
201888303 24.52038 0 
201888321 1.0625498 0 
201888374 59.666258 0 
201888376 27.81019765 0 
201888472 29.40402235 0 
201888537 25.60336345 0 
201888541 51.0432577 0 
201888592 49.858106 0 
201888602 60.46317035 0 
201888640 12.40322555 0 
201888651 58.29720345 0 
201888714 6.02792675 0 
201888744 56.7646797 0 
201888778 61.1783481 0 
201888814 20.3110481 0 
201888865 51.43149705 0 
201888866 18.6763561 0 
201888869 0.91951425 0 
201888875 47.34476705 0 
201888931 58.031566 0 
201888947 22.53831595 0 
201888953 50.4711155 0 
201888956 32.38733525 0 
201889040 4.96537695 0 
201889064 58.95108025 0 
201889111 37.49574775 0 
201889175 50.0624425 0 
201889183 49.2859638 0 
201889225 53.4135611 0 
201889240 52.2692767 0 
201889257 51.5745326 0 
201889322 2.9424456 0 
201889389 61.5052865 0 
201889407 60.074931 0 
201889469 29.4653233 0 
201889514 25.1742568 0 
201889549 47.87604195 0 
201889576 22.477015 0 
201889578 48.9590254 0 
201889607 49.63333585 0 
201889609 51.4519307 0 
201889792 38.5378639 0 
201889797 6.3344315 0 
201889842 59.68669165 0 
201889853 63.60995245 0 
201889860 50.12374345 0 
201889864 59.85016085 0 
201889892 57.0098835 0 
201889894 21.3327306 0 
201889910 0.91951425 0 
201889930 0.6538768 0 
201889976 33.32728315 0 
201890091 51.92190465 0 
201890336 1.4712228 0 
201890494 2.1659669 0 
201890498 1.5120901 0 
201890509 1.40992185 0 
201890565 53.1683573 0 
201890579 42.0115844 0 
201890589 52.08537385 0 
201890608 60.0340637 0 
201890730 41.3985749 0 
201890838 45.46487125 0 
201890843 53.1683573 0 
201890892 17.10296505 0 
201890905 42.9515323 0 
201890948 53.944836 0 
201890955 2.2885688 0 
201890972 64.2842629 0 
201891075 58.95108025 0 
201891100 8.8273368 0 
201891122 24.4795127 0 
201891177 22.9265553 0 
201891201 48.1416794 0 
201891252 45.75094235 0 
201891266 8.39823015 0 
201891290 41.684646 0 
201891361 51.34976245 0 
201891363 27.89193225 0 
201891436 56.78511335 0 
201891486 59.89102815 0 
201891512 63.65081975 0 
201891517 52.04450655 0 
201891567 64.4477321 0 
201891572 55.84516545 0 
201891607 47.50823625 0 
201891610 47.58997085 0 
201891615 50.5528501 0 
201891688 1.65512565 0 
201891704 54.90521755 0 
201891737 24.62254825 0 
201891762 24.6838492 0 
201891826 19.06459545 0 
201891854 54.8847839 0 
201891899 54.0674379 0 
201891920 11.1976402 0 
201891939 31.52912195 0 
201892051 38.02702265 0 
201892083 49.4903003 0 
201892150 6.35486515 0 
201892157 62.38393345 0 
201892192 47.7330064 0 
201892201 1.12385075 0 
201892296 28.25973795 0 
201892335 48.93859175 0 
201892336 48.5094851 0 
201892421 2.5337726 0 
201892450 42.4202574 0 
201892483 49.8989733 0 
201892507 34.18549645 0 
201892512 2.6155072 0 
201892564 35.24804625 0 
201892629 32.95947745 0 
201892677 48.9590254 0 
201892692 8.76603585 0 
201892707 63.8347226 0 
201892780 31.40652005 0 
201892834 28.0758351 0 
201892842 57.35725555 0 
201892993 60.62663955 0 
201893000 0.7764787 0 
201893037 48.6729543 0 
201893067 22.6813515 0 
201893099 30.01703185 0 
201893109 60.34056845 0 
201893111 50.4711155 0 
201893136 63.8347226 0 
201893148 49.63333585 0 
201893154 28.70927825 0 
201893177 32.50993715 0 
201893205 26.7680815 0 
201893241 31.7538921 0 
201893283 59.7071253 0 
201893296 27.11545355 0 
201893330 15.87694605 0 
201893427 24.37734445 0 
201893452 0.8582133 0 
201893461 19.4937021 0 
201893518 53.47486205 0 
201893550 31.6721575 0 
201893570 33.3068495 0 
201893576 0.75604505 0 
201893579 49.30639745 0 
201893670 24.86775205 0 
201893689 61.5052865 0 
201893802 51.4110634 0 
201893852 51.14542595 0 
201893942 48.1416794 0 
201893971 62.50653535 0 
201893994 52.2284094 0 
201894011 56.3151394 0 
201894022 19.3711002 0 
201894103 54.00613695 0 
201894176 57.64332665 0 
201894191 60.66750685 0 
201894201 49.46986665 0 
201894289 49.79680505 0 
201894294 25.5829298 0 
201894311 49.3268311 0 
201894355 12.77103125 0 
201894357 1.08298345 0 
201894374 57.23465365 0 
201894389 53.6587649 0 
201894457 53.92440235 0 
201894509 7.356114 0 
201894531 24.45907905 0 
201894587 2.75854275 0 
201894703 43.728011 0 
201894746 43.95278115 0 
201894747 2.9424456 0 
201894840 24.9699203 0 
201894856 14.2218204 0 
201894916 15.6930432 0 
201894955 51.7380018 0 
201895010 2.0024977 0 
201895031 24.5612473 0 
201895097 31.059148 0 
201895108 26.05290375 0 
201895139 26.91111705 0 
201895155 48.97945905 0 
201895242 6.64093625 0 
201895256 59.48235515 0 
201895291 31.28391815 0 
201895313 48.4686178 0 
201895336 35.61585195 0 
201895352 51.9423383 0 
201895362 32.6529727 0 
201895427 61.9139595 0 
201895460 1.1851517 0 
201895478 1.61425835 0 
201895505 54.66001375 0 
201895565 45.2809684 0 
201895571 62.95607565 0 
201895580 47.6512718 0 
201895581 34.79850595 0 
201895612 50.32807995 0 
201895636 63.0991112 0 
201895640 51.47236435 0 
201895758 0.96038155 0 
201895880 22.2318112 0 
201895906 1.73686025 0 
201895952 55.23215595 0 
201895961 56.98944985 0 
201895994 26.42070945 0 
201896009 61.3418173 0 
201896065 63.32388135 0 
201896083 33.00034475 0 
201896151 20.7197211 0 
201896171 57.68419395 0 
201896289 34.3693993 0 
201896295 56.09036925 0 
201896316 50.0624425 0 
201896326 60.6879405 0 
201896335 1.5120901 0 
201896348 54.49654455 0 
201896420 48.4277505 0 
201896433 3.7597916 0 
201896508 54.78261565 0 
201896527 61.7913576 0 
201896529 45.5670395 0 
201896530 65.04030795 0 
201896623 46.40481915 0 
201896640 57.60245935 0 
201896663 40.60166255 0 
201896718 0.8582133 0 
201896778 49.0816273 0 
201896800 22.0274747 0 
201896878 58.2767698 0 
201896922 49.2450965 0 
201896950 32.46906985 0 
201896985 13.83358105 0 
201897019 2.860711 0 
201897066 21.4961998 0 
201897076 9.91032025 0 
201897276 5.61925375 0 
201897320 58.5628409 0 
201897341 41.8481152 0 
201897369 50.5119828 0 
201897378 51.22716055 0 
201897398 20.61755285 0 
201897404 55.80429815 0 
201897454 48.1008121 0 
201897469 25.07208855 0 
201897472 25.5829298 0 
201897500 6.39573245 0 
201897504 29.07708395 0 
201897514 42.07288535 0 
201897556 49.0816273 0 
201897572 34.8189396 0 
201897580 32.0399632 0 
201897616 22.12964295 0 
201897632 48.28471495 0 
201897637 17.30730155 0 
201897662 0.71517775 0 
201897695 58.848912 0 
201897715 1.4712228 0 
201897720 1.634692 0 
201897753 63.0991112 0 
201897756 19.06459545 0 
201897853 53.55659665 0 
201897898 47.5695372 0 
201897907 48.4686178 0 
201897986 3.1059148 0 
201898008 55.579528 0 
201898030 25.8281336 0 
201898044 59.27801865 0 
201898071 15.6521759 0 
201898111 60.2384002 0 
201898144 53.8222341 0 
201898161 64.22296195 0 
201898178 48.16211305 0 
201898262 57.0916181 0 
201898334 27.1767545 0 
201898359 69.24963985 0 
201898377 62.8539074 0 
201898388 11.7289151 0 
201898508 29.9557309 0 
201898594 48.81598985 0 
201898655 47.99864385 0 
201898663 25.68509805 0 
201898692 54.86435025 0 
201898697 1.90032945 0 
201898895 22.5178823 0 
201898939 58.0724333 0 
201898979 57.68419395 0 
201898993 25.0516549 0 
201899021 68.39142655 0 
201899196 5.1492798 0 
201899233 46.77262485 0 
201899251 31.059148 0 
201899374 15.6521759 0 
201899384 28.3210389 0 
201899410 11.9741189 0 
201899437 51.2475942 0 
201899439 34.0424609 0 
201899475 52.5553478 0 
201899495 34.1241955 0 
201899574 67.2267085 0 
201899601 23.3352283 0 
201899621 24.2343089 0 
201899626 47.30389975 0 
201899648 37.86355345 0 
201899660 35.6771529 0 
201899715 4.47496935 0 
201899739 32.7347073 0 
201899764 5.70098835 0 
201899824 28.0758351 0 
201899888 48.2642813 0 
201899890 49.67420315 0 
