201400022 4.18889825 0 
201400095 29.7513944 0 
201400124 66.3276279 0 
201400258 39.1917407 0 
201400287 7.00874195 0 
201400291 34.06289455 0 
201400336 11.9332516 0 
201400358 63.81428895 0 
201400418 16.9599295 0 
201400433 54.57827915 0 
201400567 44.85186175 0 
201400606 35.00284245 0 
201400667 59.4619215 0 
201400781 62.2408979 0 
201400814 4.63843855 0 
201400890 35.08457705 0 
201400921 36.51493255 0 
201400961 48.3460159 0 
201401126 35.3910818 0 
201401163 32.6529727 0 
201401282 43.74844465 0 
201401359 27.4628256 0 
201401367 62.79260645 0 
201401405 30.3235366 0 
201401417 54.9665185 0 
201401429 35.41151545 0 
201401597 38.43569565 0 
201401618 31.8356267 0 
201401619 63.40561595 0 
201401699 57.23465365 0 
201401802 59.9114618 0 
201401831 23.72346765 0 
201401884 66.1641587 0 
201401891 47.5695372 0 
201402005 35.16631165 0 
201402023 49.83767235 0 
201402029 53.0048881 0 
201402110 19.4119675 0 
201402123 53.12749 0 
201402233 35.82018845 0 
201402247 40.1316886 0 
201402299 31.5086883 0 
201402373 5.08797885 0 
201402382 17.51163805 0 
201402407 7.8056543 0 
201402475 36.5762335 0 
201402490 64.4068648 0 
201402494 62.46566805 0 
201402495 40.9899019 0 
201402533 36.2901624 0 
201402593 40.27472415 0 
201402601 35.2276126 0 
201402641 48.4686178 0 
201402836 47.99864385 0 
201402950 34.55330215 0 
201403246 35.3910818 0 
201403326 21.76183725 0 
201403360 1.7164266 0 
201403419 4.39323475 0 
201403446 42.1341863 0 
201403513 29.52662425 0 
201403514 33.511186 0 
201403555 48.0190775 0 
201403607 28.2393043 0 
201403621 25.35815965 0 
201403676 28.66841095 0 
201403717 18.16551485 0 
201403778 55.4160588 0 
201403814 36.84187095 0 
201403858 42.35895645 0 
201403884 62.0774287 0 
201404084 21.0057922 0 
201404133 2.2885688 0 
201404197 33.77682345 0 
201404199 36.0449586 0 
201404214 46.28221725 0 
201404244 57.47985745 0 
201404264 1.3077536 0 
201404281 9.5220809 0 
201404307 31.7538921 0 
201404322 33.69508885 0 
201404421 38.14962455 0 
201404547 64.5294667 0 
201404622 12.97536775 0 
201404752 61.32138365 0 
201404783 47.6921391 0 
201404877 41.6437787 0 
201404889 43.46237355 0 
201404950 60.8105424 0 
201404996 33.3477168 0 
201405026 39.53911275 0 
201405036 25.5829298 0 
201405046 31.65172385 0 
201405113 64.42729845 0 
201405115 64.59076765 0 
201405143 60.34056845 0 
201405299 21.4144652 0 
201405318 66.8997701 0 
201405427 56.58077685 0 
201405480 60.9740116 0 
201405515 49.8172387 0 
201405536 42.72676215 0 
201405567 58.1541679 0 
201405569 38.3335274 0 
201405570 1.0216825 0 
201405682 52.57578145 0 
201405711 37.7613852 0 
201405759 33.511186 0 
201405825 59.0532485 0 
201405892 40.4994943 0 
201405950 1.9207631 0 
201405983 55.7838645 0 
201406009 49.55160125 0 
201406063 49.04076 0 
201406115 60.83097605 0 
201406126 8.15302635 0 
201406166 32.8164419 0 
201406210 63.77342165 0 
201406230 24.9699203 0 
201406238 55.3751915 0 
201406245 36.92360555 0 
201406494 61.709623 0 
201406529 2.18640055 0 
201406544 48.5912197 0 
201406566 39.3960772 0 
201406638 33.24554855 0 
201406771 45.9757125 0 
201406839 51.63583355 0 
201406878 61.52572015 0 
201406909 45.05619825 0 
201406960 60.2384002 0 
201406969 61.64832205 0 
201407020 43.21716975 0 
201407063 36.76013635 0 
201407126 49.5720349 0 
201407180 30.63004135 0 
201407187 57.47985745 0 
201407248 48.1416794 0 
201407276 49.96027425 0 
201407278 3.57588875 0 
201407281 25.88943455 0 
201407404 64.18209465 0 
201407449 44.19798495 0 
201407478 57.07118445 0 
201407499 63.9981918 0 
201407579 3.86195985 0 
201407643 61.2192154 0 
201407649 29.19968585 0 
201407695 36.4127643 0 
201407713 64.10036005 0 
201407772 41.1942384 0 
201407774 59.5436561 0 
201407812 4.72017315 0 
201407872 4.22976555 0 
201407912 43.7688783 0 
201408013 33.40901775 0 
201408030 9.0725406 0 
201408121 51.0023904 0 
201408189 37.9657217 0 
201408202 8.39823015 0 
201408204 6.64093625 0 
201408413 59.4619215 0 
201408418 32.30560065 0 
201408634 29.24055315 0 
201408697 35.57498465 0 
201408888 35.86105575 0 
201408917 36.63753445 0 
201408954 63.4669169 0 
201408958 5.33318265 0 
201408964 59.52322245 0 
201409098 26.87024975 0 
201409146 29.7105271 0 
201409195 49.8989733 0 
201409222 3.0241802 0 
201409226 3.8823935 0 
201409267 63.93689085 0 
201409271 29.4653233 0 
201409275 3.1059148 0 
201409563 33.04121205 0 
201409673 48.2642813 0 
201409730 52.16710845 0 
201409770 60.7696751 0 
201409812 40.39732605 0 
201409864 30.7730769 0 
201409867 61.68918935 0 
201409946 50.16461075 0 
201409954 13.2818725 0 
201410006 32.59167175 0 
201410114 57.43899015 0 
201410218 1.94119675 0 
201410242 55.55909435 0 
201410259 45.1583665 0 
201410295 60.1975329 0 
201410352 37.37314585 0 
201410481 34.7780723 0 
201410487 12.668863 0 
201410584 28.58667635 0 
201410764 16.5512565 0 
201410862 10.72766625 0 
201410892 2.452038 0 
201410901 40.39732605 0 
201411012 58.3585044 0 
201411015 51.10455865 0 
201411032 35.28891355 0 
201411059 27.4219583 0 
201411093 62.54740265 0 
201411121 43.319338 0 
201411202 1.16471805 0 
201411316 0.79691235 0 
201411387 54.8847839 0 
201411432 30.650475 0 
201411571 48.32558225 0 
201411599 26.62504595 0 
201411644 48.5912197 0 
201411645 59.56408975 0 
201411745 50.3893809 0 
201411819 38.3743947 0 
201411826 43.9323475 0 
201411829 29.81269535 0 
201411840 57.4594238 0 
201411846 64.91770605 0 
201411873 66.4502298 0 
201411891 33.28641585 0 
201411945 30.67090865 0 
201412009 2.860711 0 
201412089 55.51822705 0 
201412115 67.7579834 0 
201412128 31.7538921 0 
201412192 42.03201805 0 
201412343 51.26802785 0 
201412367 0.7764787 0 
201412502 63.36474865 0 
201412524 48.52991875 0 
201412676 49.8989733 0 
201412716 1.7164266 0 
201412723 56.49904225 0 
201412774 16.24475175 0 
201412815 64.71336955 0 
201412866 7.4378486 0 
201412955 55.9473337 0 
201412964 62.75173915 0 
201413012 59.8705945 0 
201413035 32.46906985 0 
201413248 48.24384765 0 
201413305 1.77772755 0 
201413328 65.6328838 0 
201413405 65.04030795 0 
201413505 18.90112625 0 
201413529 40.02952035 0 
201413534 30.67090865 0 
201413541 49.6946368 0 
201413545 48.5912197 0 
201413637 41.66421235 0 
201413689 29.36315505 0 
201413715 71.08866835 0 
201413751 53.6996322 0 
201413802 59.5436561 0 
201413865 2.2885688 0 
201413932 56.2334048 0 
201413940 60.70837415 0 
201414086 59.93189545 0 
201414150 22.82438705 0 
201414234 51.8606037 0 
201414648 34.92110785 0 
201414740 61.3418173 0 
201414764 31.6312902 0 
201414772 35.86105575 0 
201414773 47.50823625 0 
201414774 46.3026509 0 
201414802 30.71177595 0 
201414822 29.424456 0 
201414837 9.58338185 0 
201415104 2.51333895 0 
201415110 35.9223567 0 
201415172 15.55000765 0 
201415183 63.73255435 0 
201415256 57.2959546 0 
201415300 62.0774287 0 
201415333 26.66591325 0 
201415414 61.1374808 0 
201415433 32.46906985 0 
201415464 31.7947594 0 
201415558 1.1851517 0 
201415590 62.7721728 0 
201415703 10.27812595 0 
201415774 1.8798958 0 
201415775 7.356114 0 
201415789 39.8456175 0 
201415803 28.79101285 0 
201415827 35.08457705 0 
201415871 50.77762025 0 
201415908 10.9524364 0 
201415915 60.1157983 0 
201415986 32.79600825 0 
201416002 67.839718 0 
201416014 0.79691235 0 
201416108 33.3477168 0 
201416187 3.12634845 0 
201416193 23.31479465 0 
201416208 55.10955405 0 
201416246 1.5938247 0 
201416311 11.46327765 0 
201416350 23.0082899 0 
201416371 58.6854428 0 
201416415 4.63843855 0 
201416457 59.257585 0 
201416478 50.3893809 0 
201416507 1.3486209 0 
201416531 36.47406525 0 
201416538 33.7972571 0 
201416629 32.1216978 0 
201416728 19.0441618 0 
201416920 49.96027425 0 
201416981 9.7672847 0 
201416987 60.91271065 0 
201416990 48.1008121 0 
201417045 56.0290683 0 
201417095 30.09876645 0 
201417125 30.5278731 0 
201417144 32.55080445 0 
201417149 66.613699 0 
201417189 46.85435945 0 
201417190 46.73175755 0 
201417216 35.77932115 0 
201417238 36.26972875 0 
201417240 35.145878 0 
201417245 36.9849065 0 
201417264 60.58577225 0 
201417312 51.7380018 0 
201417328 28.3210389 0 
201417392 1.7572939 0 
201417501 50.4711155 0 
201417564 5.74185565 0 
201417634 31.8356267 0 
201417648 2.06379865 0 
201417670 53.4952957 0 
201417731 33.85855805 0 
201417789 37.189243 0 
201417814 30.63004135 0 
201417830 59.4619215 0 
201417840 35.94279035 0 
201417966 35.554551 0 
201418015 1.7164266 0 
201418055 43.66671005 0 
201418096 47.8556083 0 
201418103 39.8864848 0 
201418160 64.7746705 0 
201418173 1.5938247 0 
201418200 49.18379555 0 
201418217 31.89692765 0 
201418225 1.12385075 0 
201418235 2.84027735 0 
201418263 41.45987585 0 
201418286 31.876494 0 
201418296 60.50403765 0 
201418382 38.4969966 0 
201418397 53.5770303 0 
201418418 36.6988354 0 
201418450 42.7471958 0 
201418497 27.789764 0 
201418561 54.41480995 0 
201418627 0.96038155 0 
201418665 43.17630245 0 
201418716 39.78431655 0 
201418759 42.03201805 0 
201418781 58.13373425 0 
201418919 62.38393345 0 
201418961 3.33068495 0 
201418972 47.2425988 0 
201419027 60.483604 0 
201419079 53.88353505 0 
201419083 30.1600674 0 
201419161 48.20298035 0 
201419185 31.7538921 0 
201419227 30.650475 0 
201419249 10.8707018 0 
201419283 1.77772755 0 
201419364 29.03621665 0 
201419374 26.8089488 0 
201419573 2.5746399 0 
201419646 17.1233987 0 
201419680 63.4669169 0 
201419689 57.76592855 0 
201419746 63.3851823 0 
201419803 42.5837266 0 
201419961 39.9273521 0 
201420000 6.0074931 0 
201420008 53.1683573 0 
201420015 28.21887065 0 
201420123 37.20967665 0 
201420134 32.4486362 0 
201420172 38.72176675 0 
201420175 52.86185255 0 
201420247 45.13793285 0 
201420324 35.69758655 0 
201420388 66.83846915 0 
201420433 48.8364235 0 
201420467 48.16211305 0 
201420533 61.36225095 0 
201420539 32.34646795 0 
201420656 36.4127643 0 
201420685 8.60256665 0 
201420734 43.70757735 0 
201420757 33.81769075 0 
201420793 15.4887067 0 
201420823 61.0148789 0 
201420910 35.4319491 0 
201420935 40.9081673 0 
201420976 64.14122735 0 
201421024 60.66750685 0 
201421042 47.95777655 0 
201421065 1.77772755 0 
201421072 16.81689395 0 
201421075 26.2776739 0 
201421092 43.5236745 0 
201421093 40.39732605 0 
201421116 59.07368215 0 
201421129 34.1650628 0 
201421162 56.94858255 0 
201421202 58.2359025 0 
201421230 35.90192305 0 
201421247 33.5520533 0 
201421279 24.0299724 0 
201421345 30.8956788 0 
201421351 53.536163 0 
201421373 34.5328685 0 
201421421 65.6328838 0 
201421436 38.3743947 0 
201421494 19.80020685 0 
201421495 55.68169625 0 
201421619 63.2625804 0 
201421676 42.3793901 0 
201421739 54.7213147 0 
201421744 66.1641587 0 
201421876 58.1541679 0 
201421887 54.8847839 0 
201421968 33.0207784 0 
201422027 2.043365 0 
201422304 33.16381395 0 
201422314 62.05699505 0 
201422342 1.53252375 0 
201422414 42.5837266 0 
201422444 55.6203953 0 
201422487 42.1341863 0 
201422505 60.09536465 0 
201422663 39.70258195 0 
201422674 60.4427367 0 
201422747 2.75854275 0 
201422760 30.26223565 0 
201422873 41.7663806 0 
201422886 41.5620441 0 
201422938 51.75843545 0 
201422953 63.3034477 0 
201422956 48.5912197 0 
201423140 40.2134232 0 
201423260 13.30230615 0 
201423289 19.0850291 0 
201423402 67.5536469 0 
201423429 4.2910665 0 
201423467 62.99694295 0 
201423472 15.9791143 0 
201423537 60.3201348 0 
201423580 49.10206095 0 
201423623 19.4937021 0 
201423662 15.3252375 0 
201423667 1.5529574 0 
201423685 63.40561595 0 
201423712 51.84017005 0 
201423842 44.64752525 0 
201423851 28.50494175 0 
201423873 53.3318265 0 
201423963 38.27222645 0 
201423965 33.2251149 0 
201424000 38.5378639 0 
201424027 47.75344005 0 
201424028 31.81519305 0 
201424163 66.59326535 0 
201424167 22.08877565 0 
201424193 2.5746399 0 
201424245 30.26223565 0 
201424254 48.69338795 0 
201424272 1.20558535 0 
201424273 28.87274745 0 
201424405 2.2068342 0 
201424412 60.6879405 0 
201424442 24.29560985 0 
201424448 32.4895035 0 
201424512 50.00114155 0 
201424522 58.66500915 0 
201424525 0.4495403 0 
201424561 58.7671774 0 
201424608 38.3743947 0 
201424650 61.32138365 0 
201424695 21.51663345 0 
201424718 49.63333585 0 
201424914 1.7164266 0 
201424964 49.449433 0 
201424986 53.43399475 0 
201425057 64.8155378 0 
201425206 60.8105424 0 
201425260 35.7997548 0 
201425263 42.72676215 0 
201425271 11.46327765 0 
201425303 37.9657217 0 
201425346 38.6604658 0 
201425354 63.81428895 0 
201425387 52.33057765 0 
201425504 50.9615231 0 
201425516 26.01203645 0 
201425536 31.467821 0 
201425560 54.29220805 0 
201425605 60.62663955 0 
201425739 2.452038 0 
201425743 14.0992185 0 
201425748 22.7630861 0 
201425819 26.4411431 0 
201426057 60.87184335 0 
201426077 55.2117223 0 
201426087 62.09786235 0 
201426089 55.64082895 0 
201426095 39.2734753 0 
201426122 59.257585 0 
201426232 33.4294514 0 
201426233 61.77092395 0 
201426240 35.5954183 0 
201426279 55.84516545 0 
201426280 11.5245786 0 
201426327 33.61335425 0 
201426389 36.3310297 0 
201426415 18.2268158 0 
201426494 67.6353815 0 
201426531 66.2458933 0 
201426541 4.35236745 0 
201426580 34.88024055 0 
201426597 35.16631165 0 
201426615 61.19878175 0 
201426657 58.3176371 0 
201426667 34.34896565 0 
201426754 34.0015936 0 
201426778 3.0241802 0 
201426822 59.48235515 0 
201426901 51.4110634 0 
201426955 61.15791445 0 
201426962 40.68339715 0 
201427083 45.0766319 0 
201427162 38.006589 0 
201427214 40.1725559 0 
201427257 3.5963224 0 
201427496 40.3768924 0 
201427575 4.904076 0 
201427612 60.91271065 0 
201427890 3.7597916 0 
201427905 60.58577225 0 
201428034 35.3910818 0 
201428059 61.7504903 0 
201428316 45.46487125 0 
201428486 36.9031719 0 
201428525 63.44648325 0 
201428617 49.14292825 0 
201428661 59.1758504 0 
201428663 25.6646644 0 
201428758 33.9607263 0 
201428759 50.8389212 0 
201428782 42.07288535 0 
201428827 47.87604195 0 
201428932 26.37984215 0 
201428974 56.5194759 0 
201429038 64.50903305 0 
201429071 39.57998005 0 
201429086 12.0149862 0 
201429115 68.4118602 0 
201429127 4.55670395 0 
201429229 30.6096077 0 
201429234 51.47236435 0 
201429254 49.83767235 0 
201429279 35.28891355 0 
201429318 55.9473337 0 
201429331 23.6621667 0 
201429363 23.51913115 0 
201429529 2.7381091 0 
201429628 60.38143575 0 
201429716 39.8047502 0 
201429753 61.2192154 0 
201429766 59.5845234 0 
201429771 13.17970425 0 
201429818 4.84277505 0 
201429877 26.58417865 0 
201429883 2.4111707 0 
201429915 8.1325927 0 
201429934 50.7571866 0 
201429963 30.01703185 0 
201430005 14.7530953 0 
201430029 17.0825314 0 
201430034 62.62913725 0 
201430143 35.4319491 0 
201430172 12.73016395 0 
201430345 63.3851823 0 
201430359 1.65512565 0 
201430397 41.09207015 0 
201430413 60.29970115 0 
201430572 61.0148789 0 
201430581 48.632087 0 
201430596 44.32058685 0 
201430614 65.8372203 0 
201430669 48.12124575 0 
201430759 1.49165645 0 
201430845 29.7105271 0 
201430860 32.5712381 0 
201430869 30.650475 0 
201430924 36.6988354 0 
201431056 31.0182807 0 
201431066 29.89442995 0 
201431119 1.57339105 0 
201431130 43.8506129 0 
201431304 26.7272142 0 
201431349 63.9573245 0 
201431423 58.37893805 0 
201431428 26.3594085 0 
201431429 1.634692 0 
201431624 20.1067116 0 
201431708 47.8556083 0 
201431807 46.28221725 0 
201431831 65.1016089 0 
201431838 18.0633466 0 
201431883 62.4861017 0 
201431893 59.7479926 0 
201431895 4.6180049 0 
201431936 35.49325005 0 
201431945 58.3585044 0 
201431961 65.89852125 0 
201432080 16.8373276 0 
201432094 24.111707 0 
201432174 41.6029114 0 
201432181 55.23215595 0 
201432200 50.90022215 0 
201432259 60.74924145 0 
201432284 25.88943455 0 
201432339 2.0842323 0 
201432397 58.1541679 0 
201432472 0.9808152 0 
201432477 16.69429205 0 
201432510 1.5120901 0 
201432666 1.00124885 0 
201432728 52.6370824 0 
201432740 48.0190775 0 
201432817 15.8565124 0 
201432859 1.85946215 0 
201432969 53.2092246 0 
201433092 63.4669169 0 
201433136 59.666258 0 
201433227 1.90032945 0 
201433254 16.81689395 0 
201433321 47.30389975 0 
201433413 30.22136835 0 
201433442 42.93109865 0 
201433443 53.22965825 0 
201433461 38.8648023 0 
201433535 39.41651085 0 
201433552 59.03281485 0 
201433590 60.91271065 0 
201433611 15.75434415 0 
201433639 32.22386605 0 
201433646 28.25973795 0 
201433687 60.1157983 0 
201433729 15.59087495 0 
201433730 0.817346 0 
201433738 67.28800945 0 
201433745 1.5529574 0 
201433799 53.39312745 0 
201433830 38.64003215 0 
201433847 36.92360555 0 
201433910 18.65592245 0 
201433911 62.58826995 0 
201433921 54.3126417 0 
201434101 34.88024055 0 
201434153 57.19378635 0 
201434176 1.36905455 0 
201434287 18.7172234 0 
201434350 33.4294514 0 
201434362 55.68169625 0 
201434427 34.4920012 0 
201434452 15.42740575 0 
201434469 0.96038155 0 
201434565 49.0816273 0 
201434685 11.442844 0 
201434718 31.1408826 0 
201434755 45.6487741 0 
201434769 16.8373276 0 
201434903 58.2359025 0 
201434936 62.8130401 0 
201434953 29.0566503 0 
201435002 25.1333895 0 
201435045 21.84357185 0 
201435141 63.1399785 0 
201435165 64.8564051 0 
201435176 55.4569261 0 
201435189 36.10625955 0 
201435190 7.09047655 0 
201435193 29.40402235 0 
201435205 39.29390895 0 
201435390 50.9615231 0 
201435395 35.94279035 0 
201435410 32.8981765 0 
201435414 56.7646797 0 
201435448 35.32978085 0 
201435558 63.93689085 0 
201435637 40.68339715 0 
201435672 63.11954485 0 
201435829 40.72426445 0 
201435890 58.95108025 0 
201435960 23.8665032 0 
201436043 0.9399479 0 
201436119 30.5278731 0 
201436209 33.6746552 0 
201436331 35.4319491 0 
201436343 5.5170855 0 
201436363 63.5895188 0 
201436385 56.17210385 0 
201436549 16.7964603 0 
201436629 61.89352585 0 
201436683 7.45828225 0 
201436818 32.91861015 0 
201436859 36.06539225 0 
201436959 34.2059301 0 
201436967 48.32558225 0 
201436968 52.86185255 0 
201436971 52.8005516 0 
201437006 66.59326535 0 
201437014 49.06119365 0 
201437079 17.75684185 0 
201437172 7.94868985 0 
201437195 54.6804474 0 
201437222 31.1408826 0 
201437257 32.6121054 0 
201437291 1.5938247 0 
201437374 1.90032945 0 
201437378 33.77682345 0 
201437382 44.27971955 0 
201437440 40.9081673 0 
201437502 29.5470579 0 
201437541 32.1216978 0 
201437545 42.76762945 0 
201437636 30.58917405 0 
201437701 61.03531255 0 
201437722 32.01952955 0 
201437787 2.043365 0 
201437963 6.2526969 0 
201437973 34.92110785 0 
201438076 29.15881855 0 
201438173 46.4252528 0 
201438177 41.7255133 0 
201438228 57.8272295 0 
201438234 40.92860095 0 
201438302 30.4461385 0 
201438338 34.43070025 0 
201438360 41.1942384 0 
201438371 32.9390438 0 
201438405 18.9624272 0 
201438436 56.1516702 0 
201438446 13.75184645 0 
201438473 56.25383845 0 
201438512 5.57838645 0 
201438515 58.2767698 0 
201438589 54.37394265 0 
201438666 10.9115691 0 
201438747 31.73345845 0 
201438760 53.0866227 0 
201438859 55.23215595 0 
201438887 58.440239 0 
201438898 51.30889515 0 
201438916 49.02032635 0 
201438939 68.1257891 0 
201438955 45.91441155 0 
201439037 17.572939 0 
201439064 63.1808458 0 
201439088 61.0966135 0 
201439137 3.678057 0 
201439169 25.2559914 0 
201439208 0.817346 0 
201439227 31.36565275 0 
201439234 35.82018845 0 
201439275 35.145878 0 
201439291 41.50074315 0 
201439330 11.29980845 0 
201439360 50.9206558 0 
201439390 49.6537695 0 
201439411 32.59167175 0 
201439522 48.1008121 0 
201439698 39.641281 0 
201439734 4.8223414 0 
201439763 55.39562515 0 
201439821 65.2242108 0 
201439873 59.27801865 0 
201439896 55.3343242 0 
201440119 63.36474865 0 
201440144 29.7922617 0 
201440206 53.92440235 0 
201440222 31.89692765 0 
201440271 34.83937325 0 
201440281 34.38983295 0 
201440285 35.0641434 0 
201440323 2.9833129 0 
201440379 1.73686025 0 
201440396 45.05619825 0 
201440449 42.501992 0 
201440462 31.07958165 0 
201440509 48.3460159 0 
201440562 39.5595464 0 
201440581 49.8989733 0 
201440602 41.7663806 0 
201440686 63.7938553 0 
201440739 13.3227398 0 
201440828 61.19878175 0 
201440915 53.18879095 0 
201440922 6.8248391 0 
201440945 25.03122125 0 
201441039 30.42570485 0 
201441063 32.4486362 0 
201441097 45.3218357 0 
201441121 1.0625498 0 
201441181 62.1591633 0 
201441219 32.42820255 0 
201441246 52.98445445 0 
201441280 49.5311676 0 
201441296 47.406068 0 
201441353 50.9615231 0 
201441469 41.41900855 0 
201441494 57.3776892 0 
201441534 20.7197211 0 
201441543 63.56908515 0 
201441566 1.9207631 0 
201441578 32.3260343 0 
201441589 57.80679585 0 
201441619 51.8197364 0 
201441629 33.2251149 0 
201441635 40.0090867 0 
201441636 63.56908515 0 
201441647 42.11375265 0 
201441778 42.19548725 0 
201441826 42.9923996 0 
201441866 55.72256355 0 
201441872 12.07628715 0 
201441900 29.833129 0 
201442004 6.23226325 0 
201442063 53.63833125 0 
201442105 36.3310297 0 
201442314 68.26882465 0 
201442366 53.4135611 0 
201442417 47.4469353 0 
201442424 35.0232761 0 
201442550 6.10966135 0 
201442629 2.67680815 0 
201442692 22.3952804 0 
201442706 45.771376 0 
201442727 1.20558535 0 
201442799 63.0173766 0 
201442844 35.963224 0 
201442952 52.57578145 0 
201443109 6.7022372 0 
201443166 35.8406221 0 
201443177 15.10046735 0 
201443260 42.23635455 0 
201443288 67.6353815 0 
201443300 21.10796045 0 
201443346 66.4502298 0 
201443398 2.043365 0 
201443451 42.2567882 0 
201443689 49.96027425 0 
201443697 27.1767545 0 
201443736 7.5604505 0 
201443751 47.9782102 0 
201443830 45.30140205 0 
201443885 58.4811063 0 
201443923 65.1016089 0 
201443949 7.6830524 0 
201443979 39.41651085 0 
201444001 30.6096077 0 
201444097 53.55659665 0 
201444109 63.2625804 0 
201444130 21.72096995 0 
201444173 20.69928745 0 
201444269 46.997395 0 
201444296 25.7055317 0 
201444380 57.9089641 0 
201444417 53.22965825 0 
201444463 57.0916181 0 
201444512 48.7955562 0 
201444513 36.47406525 0 
201444607 11.7697824 0 
201444628 49.3676984 0 
201444678 64.0799264 0 
201444817 54.04700425 0 
201444854 34.0424609 0 
201444866 13.26143885 0 
201445031 18.81939165 0 
201445069 69.41310905 0 
201445111 32.55080445 0 
201445195 1.81859485 0 
201445309 3.2285167 0 
201445359 68.7387986 0 
201445392 60.9740116 0 
201445445 38.3743947 0 
201445490 60.42230305 0 
201445543 27.3402237 0 
201445609 67.49234595 0 
201445732 65.6737511 0 
201445741 36.22886145 0 
201445768 28.5662427 0 
201445781 19.06459545 0 
201445877 3.82109255 0 
201445903 57.21422 0 
201445936 31.2634845 0 
201445968 17.06209775 0 
201446000 57.9906987 0 
201446063 61.60745475 0 
201446078 20.86275665 0 
201446083 16.98036315 0 
201446118 51.26802785 0 
201446155 53.84266775 0 
201446187 15.42740575 0 
201446290 1.7164266 0 
201446296 36.02452495 0 
201446445 31.6312902 0 
201446510 46.8339258 0 
201446516 25.03122125 0 
201446524 53.92440235 0 
201446560 50.45068185 0 
201446562 51.55409895 0 
201446581 40.11125495 0 
201446616 49.34726475 0 
201446626 1.69599295 0 
201446672 1.1442844 0 
201446675 67.1858412 0 
201446711 59.31888595 0 
201446723 38.2926601 0 
201446725 66.6545663 0 
201446729 1.6755593 0 
201446898 43.87104655 0 
201446989 9.50164725 0 
201447024 0.87864695 0 
201447136 32.6121054 0 
201447164 4.22976555 0 
201447168 24.82688475 0 
201447307 42.7063285 0 
201447359 33.61335425 0 
201447398 35.20717895 0 
201447404 49.04076 0 
201447425 52.6370824 0 
201447517 49.8172387 0 
201447567 15.26393655 0 
201447608 62.50653535 0 
201447716 4.6588722 0 
201447823 69.94438395 0 
201447919 20.57668555 0 
201447966 18.5128869 0 
201448014 20.9649249 0 
201448099 50.8797885 0 
201448194 54.8847839 0 
201448202 67.08367295 0 
201448209 31.7538921 0 
201448325 51.6562672 0 
201448326 58.4811063 0 
201448327 11.54501225 0 
201448339 31.32478545 0 
201448352 5.53751915 0 
201448356 7.21307845 0 
201448387 13.67011185 0 
201448422 56.3560067 0 
201448487 51.8197364 0 
201448496 42.3385228 0 
201448527 29.1383849 0 
201448566 10.48246245 0 
201448586 44.136684 0 
201448740 44.44318875 0 
201448819 52.1058075 0 
201448828 49.18379555 0 
201448860 61.1374808 0 
201448874 50.90022215 0 
201448948 58.7671774 0 
201449038 56.90771525 0 
201449109 42.68589485 0 
201449179 1.5938247 0 
201449253 35.9223567 0 
201449334 49.91940695 0 
201449387 1.3894882 0 
201449450 27.64672845 0 
201449516 51.55409895 0 
201449545 35.554551 0 
201449637 34.0833282 0 
201449738 0.8582133 0 
201449824 21.51663345 0 
201449877 21.1283941 0 
201449988 33.69508885 0 
201449997 31.5495556 0 
201450040 53.80180045 0 
201450136 67.53321325 0 
201450306 32.5303708 0 
201450331 1.7164266 0 
201450418 41.7255133 0 
201450420 32.1625651 0 
201450436 49.67420315 0 
201450460 51.34976245 0 
201450496 47.18129785 0 
201450546 53.9039687 0 
201450614 41.29640665 0 
201450743 2.88114465 0 
201450776 47.9782102 0 
201450864 0.96038155 0 
201450952 19.9023751 0 
201450970 49.3268311 0 
201451008 47.14043055 0 
201451021 48.12124575 0 
201451193 48.4686178 0 
201451293 51.55409895 0 
201451390 2.1250996 0 
201451468 38.006589 0 
201451586 46.2617836 0 
201451587 63.752988 0 
201451641 53.02532175 0 
201451661 35.28891355 0 
201451761 44.0958167 0 
201451766 50.675452 0 
201451788 55.10955405 0 
201451819 39.45737815 0 
201451841 31.3452191 0 
201451863 0.7356114 0 
201451905 54.04700425 0 
201451922 56.6420778 0 
201451979 44.11625035 0 
201452033 60.99444525 0 
201452133 54.78261565 0 
201452162 28.60711 0 
201452167 31.6312902 0 
201452188 27.0541526 0 
201452277 49.8172387 0 
201452586 34.9006742 0 
201452622 23.02872355 0 
201452682 31.467821 0 
201452700 38.7830677 0 
201452724 47.26303245 0 
201452725 41.13293745 0 
201452729 58.99194755 0 
201452743 31.9173613 0 
201452779 1.36905455 0 
201452800 1.7981612 0 
201452808 4.31150015 0 
201452822 47.09956325 0 
201452881 31.52912195 0 
201452882 57.07118445 0 
201452896 20.5562519 0 
201452912 1.65512565 0 
201452928 35.90192305 0 
201452987 46.8339258 0 
201452988 15.4069721 0 
201453005 31.876494 0 
201453007 48.48905145 0 
201453043 65.9189549 0 
201453103 14.65092705 0 
201453313 64.63163495 0 
201453316 30.3235366 0 
201453447 18.00204565 0 
201453450 49.14292825 0 
201453465 19.75933955 0 
201453468 42.89023135 0 
201453522 37.1075084 0 
201453557 27.3402237 0 
201453584 49.5311676 0 
201453614 41.54161045 0 
201453615 29.7513944 0 
201453774 65.04030795 0 
201453818 43.54410815 0 
201453829 48.52991875 0 
201453851 58.13373425 0 
201453852 41.50074315 0 
201453938 62.2408979 0 
201454019 0.71517775 0 
201454071 25.2151241 0 
201454197 45.09706555 0 
201454209 53.2092246 0 
201454231 51.1658596 0 
201454320 31.9582286 0 
201454352 23.88693685 0 
201454385 34.328532 0 
201454421 25.84856725 0 
201454463 53.6587649 0 
201454707 21.23056235 0 
201454766 39.86605115 0 
201454777 3.20808305 0 
201454791 3.4737205 0 
201454809 54.94608485 0 
201454893 30.6913423 0 
201454917 52.8005516 0 
201454985 59.6253907 0 
201454992 59.97276275 0 
201455020 30.2826693 0 
201455096 14.6713607 0 
201455197 49.51073395 0 
201455311 23.6621667 0 
201455334 48.77512255 0 
201455369 49.4085657 0 
201455505 64.71336955 0 
201455541 31.467821 0 
201455709 34.30809835 0 
201455776 31.5495556 0 
201455840 33.2659822 0 
201455922 51.6562672 0 
201455974 53.6587649 0 
201456007 45.6487741 0 
201456026 56.5603432 0 
201456039 24.6429819 0 
201456056 49.8172387 0 
201456063 51.084125 0 
201456153 62.50653535 0 
201456229 52.33057765 0 
201456238 0.6130095 0 
201456322 51.9832056 0 
201456347 47.75344005 0 
201456355 32.18299875 0 
201456362 32.95947745 0 
201456388 24.54081365 0 
201456399 57.76592855 0 
201456402 63.0173766 0 
201456454 34.0424609 0 
201456480 48.1416794 0 
201456487 45.8939779 0 
201456500 17.63423995 0 
201456518 57.68419395 0 
201456561 49.7355041 0 
201456587 6.55920165 0 
201456730 47.09956325 0 
201456772 42.7063285 0 
201456854 34.63503675 0 
201456959 20.57668555 0 
201456971 44.4227551 0 
201457078 46.9565277 0 
201457090 29.6287925 0 
201457110 5.5579528 0 
201457111 31.1408826 0 
201457128 47.05869595 0 
201457204 10.35986055 0 
201457215 58.25633615 0 
201457221 57.9089641 0 
201457244 8.56169935 0 
201457272 2.67680815 0 
201457417 24.111707 0 
201457441 13.8540147 0 
201457473 13.01623505 0 
201457505 49.2859638 0 
201457551 3.1876494 0 
201457650 29.24055315 0 
201457674 25.64423075 0 
201457750 36.51493255 0 
201457767 47.3243334 0 
201457809 52.90271985 0 
201457826 6.4570334 0 
201457934 20.3927827 0 
201457941 7.4378486 0 
201457970 49.8172387 0 
201457981 65.38768 0 
201457991 60.5653386 0 
201458054 32.4486362 0 
201458201 65.16290985 0 
201458219 62.6904382 0 
201458244 31.2634845 0 
201458265 38.4561293 0 
201458291 46.73175755 0 
201458313 30.42570485 0 
201458425 53.27052555 0 
201458444 3.5554551 0 
201458509 48.52991875 0 
201458583 67.2675758 0 
201458688 46.73175755 0 
201458710 35.2276126 0 
201458798 62.01612775 0 
201458962 49.87853965 0 
201459065 1.77772755 0 
201459068 48.3868832 0 
201459111 0.7764787 0 
201459176 48.8772908 0 
201459228 51.1249923 0 
201459320 58.7263101 0 
201459328 64.5294667 0 
201459342 21.7822709 0 
201459346 20.08627795 0 
201459364 49.51073395 0 
201459403 58.99194755 0 
201459423 26.6046123 0 
201459437 0.75604505 0 
201459506 2.043365 0 
201459514 52.310144 0 
201459584 32.6529727 0 
201459860 54.86435025 0 
201459921 46.0574471 0 
201459929 5.74185565 0 
201459934 34.1241955 0 
201459993 48.8364235 0 
201459999 15.95868065 0 
201460033 22.8448207 0 
201460056 31.059148 0 
201460089 9.05210695 0 
201460114 1.45078915 0 
201460143 64.05949275 0 
201460186 1.3894882 0 
201460203 50.4302482 0 
201460268 4.5362703 0 
201460336 60.9740116 0 
201460467 0.9808152 0 
201460650 58.1950352 0 
201460702 44.11625035 0 
201460724 43.78931195 0 
201460733 7.6421851 0 
201460740 2.4111707 0 
201460770 33.7563898 0 
201460800 54.9665185 0 
201460826 37.33227855 0 
201460847 46.28221725 0 
201460991 48.4686178 0 
201461023 41.5620441 0 
201461095 45.17880015 0 
201461116 59.85016085 0 
201461120 60.99444525 0 
201461188 1.24645265 0 
201461210 17.18469965 0 
201461351 21.4961998 0 
201461352 47.8964756 0 
201461366 32.8164419 0 
201461410 31.1408826 0 
201461430 2.71767545 0 
201461467 56.9281489 0 
201461505 6.130095 0 
201461506 1.53252375 0 
201461530 11.34067575 0 
201461539 58.05199965 0 
201461697 15.6930432 0 
201461709 34.2876647 0 
201461740 31.32478545 0 
201461759 53.14792365 0 
201461792 26.4820104 0 
201461827 27.48325925 0 
201461944 4.8632087 0 
201462078 17.3277352 0 
201462123 37.82268615 0 
201462240 8.35736285 0 
201462289 19.88194145 0 
201462376 20.12714525 0 
201462470 67.90101895 0 
201462525 54.6395801 0 
201462538 44.81099445 0 
201462646 6.64093625 0 
201462681 30.01703185 0 
201462691 29.60835885 0 
201462709 37.7613852 0 
201462714 0.67431045 0 
201462754 50.7980539 0 
201462766 35.0641434 0 
201462777 41.3985749 0 
201462822 36.2084278 0 
201462921 54.0265706 0 
201462957 30.5687404 0 
201463027 52.98445445 0 
201463048 1.7164266 0 
201463071 35.49325005 0 
201463106 43.83017925 0 
201463157 54.86435025 0 
201463225 48.9998927 0 
201463407 3.86195985 0 
201463422 0.96038155 0 
201463458 57.68419395 0 
201463555 60.66750685 0 
201463620 34.38983295 0 
201463628 31.3452191 0 
201463719 66.79760185 0 
201463735 48.632087 0 
201464089 24.8881857 0 
201464175 44.0140821 0 
201464235 45.95527885 0 
201464249 38.4969966 0 
201464299 61.36225095 0 
201464312 47.83517465 0 
201464385 58.9306466 0 
201464427 38.6195985 0 
201464437 21.59836805 0 
201464458 49.06119365 0 
201464463 53.3726938 0 
201464476 47.2017315 0 
201464514 30.91611245 0 
201464546 61.1783481 0 
201464574 52.1875421 0 
201464601 26.70678055 0 
201464718 56.37644035 0 
201464730 18.41071865 0 
201464746 26.5228777 0 
201464775 47.6104045 0 
201464793 46.3026509 0 
201464921 48.0190775 0 
201464923 32.83687555 0 
201464977 19.207631 0 
201464997 33.12294665 0 
201465009 26.6046123 0 
201465270 58.6854428 0 
201465501 63.0582439 0 
201465553 51.2884615 0 
201465661 37.5161814 0 
201465843 57.31638825 0 
201465848 60.05449735 0 
201465865 58.33807075 0 
201465900 26.91111705 0 
201466011 59.7479926 0 
201466118 51.88103735 0 
201466124 32.3669016 0 
201466171 34.43070025 0 
201466186 31.48825465 0 
201466213 17.47077075 0 
201466239 33.24554855 0 
201466241 53.06618905 0 
201466253 1.45078915 0 
201466275 59.19628405 0 
201466285 41.6029114 0 
201466319 15.46827305 0 
201466330 44.9131627 0 
201466357 29.7105271 0 
201466362 46.7113239 0 
201466427 0.91951425 0 
201466520 33.5520533 0 
201466538 55.47735975 0 
201466539 25.0516549 0 
201466648 42.7063285 0 
201466685 38.6195985 0 
201466852 36.78057 0 
201466915 44.4636224 0 
201466937 54.8030493 0 
201466962 47.6512718 0 
201466983 41.2351057 0 
201466986 61.3826846 0 
201467012 1.7572939 0 
201467149 51.8606037 0 
201467221 46.36395185 0 
201467296 1.3486209 0 
201467358 48.77512255 0 
201467405 34.1650628 0 
201467415 9.62424915 0 
201467430 61.5052865 0 
201467442 69.37224175 0 
201467521 61.9956941 0 
201467530 28.62754365 0 
201467545 17.83857645 0 
201467568 37.94528805 0 
201467614 10.64593165 0 
201467660 32.1216978 0 
201467707 58.3585044 0 
201467860 47.63083815 0 
201467937 49.4903003 0 
201467948 2.9833129 0 
201467981 38.1291909 0 
201467990 58.7671774 0 
201468050 50.40981455 0 
201468274 50.6345847 0 
201468317 22.37484675 0 
201468333 49.0816273 0 
201468480 58.3176371 0 
201468525 63.7938553 0 
201468580 49.55160125 0 
201468617 59.76842625 0 
201468700 57.21422 0 
201468730 51.55409895 0 
201468741 56.78511335 0 
201468759 43.8914802 0 
201468771 56.45817495 0 
201468827 27.1358872 0 
201468901 2.5337726 0 
201468930 55.80429815 0 
201468971 13.50664265 0 
201469045 17.30730155 0 
201469063 27.31979005 0 
201469088 32.4077689 0 
201469194 47.9373429 0 
201469205 27.7080294 0 
201469249 60.4427367 0 
201469257 30.18050105 0 
201469329 50.98195675 0 
201469383 36.6171008 0 
201469525 22.41571405 0 
201469532 32.67340635 0 
201469541 14.69179435 0 
201469738 27.9123659 0 
201469885 43.2376034 0 
201469890 59.40062055 0 
201469908 26.58417865 0 
201470147 2.2477015 0 
201470167 2.4111707 0 
201470328 58.58327455 0 
201470392 2.6563745 0 
201470467 31.2634845 0 
201470492 48.0190775 0 
201470508 51.92190465 0 
201470543 51.06369135 0 
201470716 15.83607875 0 
201470762 30.09876645 0 
201470793 51.39062975 0 
201471011 51.8197364 0 
201471046 35.2684799 0 
201471092 37.189243 0 
201471101 38.92610325 0 
201471104 51.55409895 0 
201471105 49.71507045 0 
201471185 24.74515015 0 
201471294 21.96617375 0 
201471339 58.21546885 0 
201471448 2.6563745 0 
201471498 34.47156755 0 
201471546 31.0182807 0 
201471613 68.39142655 0 
201471628 30.42570485 0 
201471675 2.2068342 0 
201471752 30.9774134 0 
201471975 40.23385685 0 
201471998 32.2442997 0 
201472056 0.67431045 0 
201472058 53.18879095 0 
201472078 6.1709623 0 
201472124 49.75593775 0 
201472270 46.6704566 0 
201472320 56.70337875 0 
201472370 31.1000153 0 
201472395 51.55409895 0 
201472396 5.21058075 0 
201472447 44.77012715 0 
201472456 0.8990806 0 
201472508 53.6178976 0 
201472519 2.7789764 0 
201472593 2.79941005 0 
201472626 49.2042292 0 
201472710 60.87184335 0 
201472755 40.60166255 0 
201472883 32.46906985 0 
201472953 51.5745326 0 
201472969 48.3868832 0 
201473010 47.01782865 0 
201473061 6.1709623 0 
201473085 3.78022525 0 
201473109 58.50153995 0 
201473133 48.73425525 0 
201473152 28.7297119 0 
201473224 65.77591935 0 
201473227 60.17709925 0 
201473236 28.05540145 0 
201473263 1.69599295 0 
201473281 27.68759575 0 
201473296 52.8822862 0 
201473303 32.2034324 0 
201473355 47.14043055 0 
201473413 47.79430735 0 
201473495 27.9941005 0 
201473496 57.97026505 0 
201473593 67.86015165 0 
201473612 1.1851517 0 
201473695 41.21467205 0 
201473721 2.30900245 0 
201473828 49.3676984 0 
201473938 54.08787155 0 
201474046 45.5261722 0 
201474073 56.00863465 0 
201474130 50.7571866 0 
201474170 31.56998925 0 
201474203 15.120901 0 
201474217 6.51833435 0 
201474254 61.32138365 0 
201474269 30.22136835 0 
201474305 55.27302325 0 
201474398 60.2792675 0 
201474478 53.18879095 0 
201474581 56.9690162 0 
201474665 1.61425835 0 
201474696 57.11205175 0 
201474699 24.5612473 0 
201474738 41.9298498 0 
201474742 57.11205175 0 
201474766 10.48246245 0 
201474828 64.79510415 0 
201474951 2.2068342 0 
201475034 51.47236435 0 
201475054 58.33807075 0 
201475068 47.91690925 0 
201475116 62.0774287 0 
201475118 32.38733525 0 
201475145 57.7454949 0 
201475182 28.58667635 0 
201475301 19.7389059 0 
201475306 62.13872965 0 
201475343 39.8456175 0 
201475502 43.13543515 0 
201475592 32.10126415 0 
201475692 30.9774134 0 
201475707 53.3318265 0 
201475725 64.3659975 0 
201475790 0.7356114 0 
201475793 54.8439166 0 
201475823 51.22716055 0 
201475917 32.63253905 0 
201475926 29.15881855 0 
201475978 44.64752525 0 
201476105 46.3843855 0 
201476129 57.52072475 0 
201476140 45.2401011 0 
201476211 52.45317955 0 
201476341 34.22636375 0 
201476362 47.95777655 0 
201476438 59.0941158 0 
201476479 1.28731995 0 
201476483 30.7730769 0 
201476553 1.9616304 0 
201476566 39.29390895 0 
201476702 21.18969505 0 
201476763 52.5553478 0 
201476764 34.9824088 0 
201476802 49.51073395 0 
201476813 42.2159209 0 
201476983 50.45068185 0 
201477274 49.42899935 0 
201477278 34.6554704 0 
201477319 25.72596535 0 
201477336 39.74344925 0 
201477371 46.15961535 0 
201477395 46.40481915 0 
201477418 31.3452191 0 
201477424 17.55250535 0 
201477487 58.66500915 0 
201477548 42.2567882 0 
201477574 42.44069105 0 
201477582 18.2268158 0 
201477608 61.23964905 0 
201477702 32.5303708 0 
201477714 30.54830675 0 
201477784 14.89613085 0 
201477795 7.94868985 0 
201477944 50.1033098 0 
201477960 9.33817805 0 
201478017 51.2475942 0 
201478062 63.0991112 0 
201478142 54.86435025 0 
201478150 3.6371897 0 
201478186 45.38313665 0 
201478190 1.69599295 0 
201478262 5.5579528 0 
201478286 26.7272142 0 
201478305 58.21546885 0 
201478321 24.7655838 0 
201478323 34.55330215 0 
201478328 28.54580905 0 
201478388 39.0282715 0 
201478506 10.0533558 0 
201478548 31.1408826 0 
201478719 51.63583355 0 
201478825 46.89522675 0 
201478920 46.52742105 0 
201478934 2.18640055 0 
201478991 53.7813668 0 
201479019 4.0458627 0 
201479030 9.1951425 0 
201479044 34.26723105 0 
201479069 49.4903003 0 
201479097 38.0883236 0 
201479101 37.2709776 0 
201479225 17.22556695 0 
201479228 17.22556695 0 
201479261 51.22716055 0 
201479445 12.3419246 0 
201479447 63.5895188 0 
201479461 51.2884615 0 
201479538 15.6113086 0 
201479584 21.6188017 0 
201479680 21.7414036 0 
201479731 35.94279035 0 
201479800 40.0090867 0 
201479808 42.2976555 0 
201480086 34.8598069 0 
201480096 18.0224793 0 
201480116 63.1399785 0 
201480219 27.4628256 0 
201480240 33.57248695 0 
201480293 24.41821175 0 
201480303 45.54660585 0 
201480310 52.3510113 0 
201480312 3.3919859 0 
201480351 32.59167175 0 
201480417 43.319338 0 
201480522 2.3294361 0 
201480557 35.24804625 0 
201480558 55.84516545 0 
201480575 35.145878 0 
201480656 1.65512565 0 
201480698 63.8347226 0 
201480791 3.00374655 0 
201480799 28.66841095 0 
201480843 44.72925985 0 
201480909 60.6062059 0 
201480948 63.752988 0 
201480991 59.5845234 0 
201480995 48.632087 0 
201481124 36.39233065 0 
201481164 57.3368219 0 
201481218 54.04700425 0 
201481468 32.63253905 0 
201481485 47.42650165 0 
201481542 25.9507355 0 
201481593 1.12385075 0 
201481608 58.01113235 0 
201481719 27.68759575 0 
201481833 31.1408826 0 
201481848 28.42320715 0 
201481862 65.1016089 0 
201481898 55.27302325 0 
201481941 4.7814741 0 
201481952 57.03031715 0 
201482001 30.1600674 0 
201482080 1.5529574 0 
201482210 44.23885225 0 
201482319 10.0942231 0 
201482321 3.3511186 0 
201482328 32.87774285 0 
201482449 30.38483755 0 
201482511 33.40901775 0 
201482561 59.19628405 0 
201482616 60.7288078 0 
201482623 47.50823625 0 
201482654 55.988201 0 
201482776 31.65172385 0 
201482797 39.8456175 0 
201482800 35.04370975 0 
201482956 51.084125 0 
201483004 41.4803095 0 
201483060 62.118296 0 
201483139 40.5403616 0 
201483386 8.39823015 0 
201483391 30.4461385 0 
201483512 45.54660585 0 
201483546 17.63423995 0 
201483580 59.03281485 0 
201483631 37.70008425 0 
201483833 21.10796045 0 
201484099 38.1700582 0 
201484211 38.0883236 0 
201484265 36.55579985 0 
201484300 36.39233065 0 
201484325 53.5770303 0 
201484358 31.0182807 0 
201484420 62.0365614 0 
201484436 47.9373429 0 
201484448 56.78511335 0 
201484457 30.5278731 0 
201484494 40.31559145 0 
201484510 12.9958014 0 
201484524 43.4419399 0 
201484538 46.69089025 0 
201484587 50.12374345 0 
201484690 33.511186 0 
201484768 21.96617375 0 
201484826 9.29731075 0 
201484830 50.36894725 0 
201484831 43.9323475 0 
201484860 46.0165798 0 
201484947 48.32558225 0 
201484951 60.01363005 0 
201484957 62.7721728 0 
201484998 52.718817 0 
201485015 15.7747778 0 
201485119 2.2477015 0 
201485254 18.20638215 0 
201485269 56.8464143 0 
201485292 8.7864695 0 
201485305 39.5186791 0 
201485331 49.04076 0 
201485348 56.86684795 0 
201485384 4.88364235 0 
201485421 58.1950352 0 
201485588 30.241802 0 
201485602 32.79600825 0 
201485761 23.2126264 0 
201485775 50.266779 0 
201485831 30.63004135 0 
201485912 45.83267695 0 
201485958 56.7646797 0 
201485964 15.38653845 0 
201485986 10.1350904 0 
201485997 44.32058685 0 
201486039 58.3993717 0 
201486096 31.9990959 0 
201486147 60.074931 0 
201486188 30.71177595 0 
201486301 9.09297425 0 
201486374 18.5537542 0 
201486425 30.8139442 0 
201486511 55.10955405 0 
201486514 33.9607263 0 
201486557 60.29970115 0 
201486560 36.55579985 0 
201486599 3.1059148 0 
201486605 49.71507045 0 
201486906 35.4728164 0 
201486916 16.34692 0 
201486954 27.789764 0 
201487025 1.36905455 0 
201487034 19.96367605 0 
201487036 36.2084278 0 
201487056 32.30560065 0 
201487388 44.8314281 0 
201487592 57.9089641 0 
201487617 42.7063285 0 
201487746 45.4853049 0 
201487840 50.0624425 0 
201487883 62.26133155 0 
201487929 1.1442844 0 
201488029 23.4986975 0 
201488056 59.2984523 0 
201488190 63.81428895 0 
201488286 57.64332665 0 
201488365 53.3726938 0 
201488427 54.7213147 0 
201488428 43.95278115 0 
201488452 0.59257585 0 
201488455 29.8739963 0 
201488486 50.3893809 0 
201488494 55.4977934 0 
201488517 31.1408826 0 
201488677 49.10206095 0 
201488702 39.6821483 0 
201488738 7.2743794 0 
201488753 48.5912197 0 
201488891 16.34692 0 
201488903 54.00613695 0 
201488949 51.10455865 0 
201488983 40.4177597 0 
201489009 33.32728315 0 
201489014 41.9298498 0 
201489075 32.67340635 0 
201489132 62.26133155 0 
201489182 18.9215599 0 
201489247 40.7446981 0 
201489249 51.22716055 0 
201489327 49.5311676 0 
201489357 50.1033098 0 
201489437 31.9582286 0 
201489525 46.5478547 0 
201489798 49.10206095 0 
201489829 34.55330215 0 
201489877 26.33897485 0 
201490049 41.29640665 0 
201490164 46.7113239 0 
201490171 32.18299875 0 
201490199 56.7646797 0 
201490215 31.69259115 0 
201490223 49.22466285 0 
201490300 44.4636224 0 
201490406 51.10455865 0 
201490487 38.2926601 0 
201490500 4.8632087 0 
201490606 0.9808152 0 
201490609 0.9808152 0 
201490631 63.2217131 0 
201490739 65.65331745 0 
201490775 38.823935 0 
201490810 19.43240115 0 
201490837 51.26802785 0 
201490928 48.20298035 0 
201490938 40.02952035 0 
201490969 68.75923225 0 
201491057 32.50993715 0 
201491088 52.69838335 0 
201491105 54.5987128 0 
201491139 51.02282405 0 
201491178 50.04200885 0 
201491210 56.6012105 0 
201491278 47.87604195 0 
201491315 53.63833125 0 
201491395 53.2092246 0 
201491496 30.5278731 0 
201491499 18.73765705 0 
201491630 18.8398253 0 
201491688 51.2884615 0 
201491824 49.2042292 0 
201491865 36.26972875 0 
201491939 50.8389212 0 
201492082 42.03201805 0 
201492288 56.8872816 0 
201492328 62.01612775 0 
201492523 33.85855805 0 
201492594 64.979007 0 
201492605 63.36474865 0 
201492735 38.31309375 0 
201492743 6.0892277 0 
201492745 15.8973797 0 
201492826 30.75264325 0 
201492849 28.75014555 0 
201492897 54.8847839 0 
201493012 50.85935485 0 
201493129 59.5027888 0 
201493257 43.95278115 0 
201493292 31.52912195 0 
201493339 55.80429815 0 
201493352 53.59746395 0 
201493357 55.2934569 0 
201493383 34.1241955 0 
201493429 44.2184186 0 
201493463 36.2084278 0 
201493491 45.66920775 0 
201493492 31.1817499 0 
201493524 37.61834965 0 
201493528 49.8172387 0 
201493608 3.28981765 0 
201493613 38.31309375 0 
201493658 24.8881857 0 
201493663 50.4302482 0 
201494016 52.49404685 0 
201494081 37.9248544 0 
201494102 46.11874805 0 
201494107 38.19049185 0 
201494124 52.0240729 0 
201494132 1.20558535 0 
201494150 1.40992185 0 
201494203 46.9156604 0 
201494210 51.39062975 0 
201494221 53.06618905 0 
201494305 14.0583512 0 
201494334 25.56249615 0 
201494347 13.34317345 0 
201494378 50.40981455 0 
201494408 19.71847225 0 
201494550 39.1917407 0 
201494692 43.66671005 0 
201494732 59.3393196 0 
201494746 47.5286699 0 
201494769 2.0024977 0 
201494853 15.4478394 0 
201494971 24.6838492 0 
201495042 28.62754365 0 
201495048 28.7705792 0 
201495140 39.9273521 0 
201495147 64.161661 0 
201495187 35.04370975 0 
201495245 48.44818415 0 
201495382 35.82018845 0 
201495394 55.3751915 0 
201495486 0.5721422 0 
201495501 47.7738737 0 
201495515 28.99534935 0 
201495533 61.0148789 0 
201495541 31.4269537 0 
201495573 2.1659669 0 
201495642 47.99864385 0 
201495683 25.8281336 0 
201495699 57.5820257 0 
201495801 60.7696751 0 
201495869 47.6512718 0 
201495875 29.36315505 0 
201495912 61.40311825 0 
201495958 30.0374655 0 
201495964 46.2209163 0 
201496021 52.86185255 0 
201496085 26.91111705 0 
201496115 41.41900855 0 
201496165 39.25304165 0 
201496250 51.75843545 0 
201496491 32.30560065 0 
201496557 61.19878175 0 
201496559 47.1608642 0 
201496584 42.1341863 0 
201496585 63.0991112 0 
201496678 57.6637603 0 
201496687 2.18640055 0 
201496714 49.7355041 0 
201496715 28.8114465 0 
201496727 46.7521912 0 
201496790 17.2868679 0 
201497085 29.424456 0 
201497088 66.5319644 0 
201497099 52.6370824 0 
201497191 59.2167177 0 
201497355 51.75843545 0 
201497408 3.04461385 0 
201497419 50.0624425 0 
201497428 18.94199355 0 
201497431 45.58747315 0 
201497475 30.26223565 0 
201497482 42.3793901 0 
201497548 15.34567115 0 
201497578 30.63004135 0 
201497582 6.9883083 0 
201497598 27.789764 0 
201497616 10.07378945 0 
201497662 34.1241955 0 
201497682 10.89113545 0 
201497692 64.05949275 0 
201497707 30.6913423 0 
201497749 1.49165645 0 
201497763 42.4202574 0 
201497849 24.6429819 0 
201497866 38.7422004 0 
201497924 31.7538921 0 
201497928 59.23715135 0 
201497930 58.91021295 0 
201498048 29.11795125 0 
201498184 28.4436408 0 
201498209 52.61664875 0 
201498222 49.67420315 0 
201498317 37.7613852 0 
201498331 4.7406068 0 
201498396 43.58497545 0 
201498480 27.97366685 0 
201498500 42.2567882 0 
201498539 66.30719425 0 
201498548 51.63583355 0 
201498648 33.36815045 0 
201498708 57.35725555 0 
201498739 36.6171008 0 
201498817 17.71597455 0 
201498844 64.2433956 0 
201498877 30.4052712 0 
201498897 52.8822862 0 
201498928 35.3910818 0 
201498996 10.03292215 0 
201499023 56.805547 0 
201499045 59.2167177 0 
201499103 49.04076 0 
201499133 44.7496935 0 
201499161 20.24974715 0 
201499198 38.0883236 0 
201499261 58.848912 0 
201499279 56.8464143 0 
201499307 43.42150625 0 
201499311 58.99194755 0 
201499357 62.54740265 0 
201499359 15.529574 0 
201499367 45.99614615 0 
201499429 39.53911275 0 
201499455 26.7680815 0 
201499548 55.0482531 0 
201499629 28.4027735 0 
201499653 45.5670395 0 
201499664 47.18129785 0 
201499668 35.94279035 0 
201499705 38.02702265 0 
201499718 16.89862855 0 
201499720 49.71507045 0 
201499765 40.15212225 0 
201499784 43.58497545 0 
201499946 2.8198437 0 
201499950 18.36985135 0 
201499984 52.53491415 0 
201499998 7.86695525 0 
