201121245 48.24384765 0 
201122454 49.42899935 0 
201122521 28.3619062 0 
201123619 48.5503524 0 
201124136 43.8914802 0 
201124275 30.3644039 0 
201124583 33.2251149 0 
201124666 31.36565275 0 
201124933 30.58917405 0 
201125725 29.0566503 0 
201126062 30.1600674 0 
201126351 38.006589 0 
201126368 30.6096077 0 
201126489 50.1033098 0 
201126503 31.40652005 0 
201126512 27.72846305 0 
201126617 40.3360251 0 
201127237 63.5077842 0 
201127270 24.9699203 0 
201127502 46.8339258 0 
201127583 30.42570485 0 
201127842 30.91611245 0 
201128834 31.12044895 0 
201128959 29.32228775 0 
201129066 30.3235366 0 
201129239 1.0216825 0 
201129520 31.56998925 0 
201129544 14.1400858 0 
201129760 30.4870058 0 
201129780 53.02532175 0 
201129856 60.99444525 0 
201129879 50.3893809 0 
201129911 48.9590254 0 
201129933 29.40402235 0 
201129992 31.56998925 0 
201130184 51.88103735 0 
201130377 61.4235519 0 
201130890 61.4235519 0 
201130940 31.5495556 0 
201131062 54.53741185 0 
201131066 1.9207631 0 
201131171 15.50914035 0 
201131303 32.42820255 0 
201131337 32.38733525 0 
201131339 29.73096075 0 
201131749 47.3243334 0 
201131793 0.4904076 0 
201131821 54.5987128 0 
201131882 29.97616455 0 
201131954 59.7479926 0 
201132121 1.7981612 0 
201132212 32.3260343 0 
201132377 31.20218355 0 
201132518 13.13883695 0 
201132630 30.99784705 0 
201132732 31.7130248 0 
201132737 47.71257275 0 
201132839 62.3226325 0 
201132973 31.12044895 0 
201133037 22.17051025 0 
201133059 44.6679589 0 
201133060 28.38233985 0 
201133097 29.015783 0 
201133147 5.25144805 0 
201133233 48.0190775 0 
201133444 30.42570485 0 
201133538 29.6287925 0 
201133580 30.05789915 0 
201133772 50.5528501 0 
201133841 32.06039685 0 
201133900 30.2009347 0 
201133946 49.59246855 0 
201134157 30.1192001 0 
201134185 29.24055315 0 
201134214 30.5687404 0 
201134386 31.2226172 0 
201134601 30.5278731 0 
201134711 52.73925065 0 
201134718 1.3486209 0 
201134797 30.3235366 0 
201134862 58.62414185 0 
201134999 48.69338795 0 
201135168 30.4052712 0 
201135278 29.77182805 0 
201135311 30.650475 0 
201135396 40.68339715 0 
201135499 31.20218355 0 
201135594 29.97616455 0 
201135629 46.2209163 0 
201135763 30.5278731 0 
201135807 30.46657215 0 
201135864 23.15132545 0 
201135941 61.1374808 0 
201135995 39.66171465 0 
201136194 1.6755593 0 
201136242 31.3043518 0 
201136267 28.1575697 0 
201136290 30.5278731 0 
201136343 0.79691235 0 
201136404 30.1600674 0 
201136593 30.26223565 0 
201136622 55.55909435 0 
201136726 29.69009345 0 
201136826 31.24305085 0 
201136920 31.40652005 0 
201137309 30.8139442 0 
201137334 33.511186 0 
201137359 30.50743945 0 
201137361 30.99784705 0 
201137369 53.31139285 0 
201137508 22.08877565 0 
201137589 31.44738735 0 
201137600 53.43399475 0 
201137807 32.34646795 0 
201137859 30.50743945 0 
201138049 0.7356114 0 
201138070 62.22046425 0 
201138368 0.87864695 0 
201138463 39.232608 0 
201138512 31.89692765 0 
201138561 13.95618295 0 
201138638 11.70848145 0 
201138736 2.8198437 0 
201138849 6.19139595 0 
201139106 30.67090865 0 
201139187 34.1650628 0 
201139325 29.77182805 0 
201139500 30.8956788 0 
201139607 11.1567729 0 
201139757 47.26303245 0 
201140042 55.27302325 0 
201140083 52.8414189 0 
201140091 54.1083052 0 
201140377 30.241802 0 
201140406 21.1283941 0 
201140433 47.54910355 0 
201140550 49.83767235 0 
201140566 60.7288078 0 
201140586 30.95697975 0 
201140663 57.43899015 0 
201140673 31.52912195 0 
201140757 2.51333895 0 
201140768 55.0482531 0 
201140819 29.93529725 0 
201140828 62.1591633 0 
201140964 35.94279035 0 
201140975 36.9031719 0 
201141091 52.3918786 0 
201141142 63.3851823 0 
201141237 62.34306615 0 
201141265 31.44738735 0 
201141572 33.0207784 0 
201141655 30.9774134 0 
201141799 52.57578145 0 
201141876 55.47735975 0 
201142023 3.61675605 0 
201142056 33.49075235 0 
201142064 39.8864848 0 
201142088 30.71177595 0 
201142127 6.88614005 0 
201142128 29.81269535 0 
201142176 58.74674375 0 
201142430 0.5312749 0 
201142448 61.6278884 0 
201142477 39.13043975 0 
201142481 40.1725559 0 
201142781 53.6178976 0 
201142802 29.2609868 0 
201143076 30.42570485 0 
201143183 31.5086883 0 
201143243 51.6971345 0 
201143248 33.3068495 0 
201143426 7.09047655 0 
201143664 27.31979005 0 
201143872 30.83437785 0 
201143916 30.67090865 0 
201144157 47.67170545 0 
201144253 30.241802 0 
201144347 59.68669165 0 
201144407 3.0650475 0 
201144538 62.26133155 0 
201144607 58.7671774 0 
201144619 32.1625651 0 
201144622 31.97866225 0 
201144854 1.4712228 0 
201145202 34.5328685 0 
201145205 42.2567882 0 
201145292 29.1383849 0 
201145370 21.0057922 0 
201145424 55.51822705 0 
201145426 59.23715135 0 
201145502 53.2500919 0 
201145519 11.3202421 0 
201145566 47.9373429 0 
201145573 31.467821 0 
201145596 25.9507355 0 
201145621 49.71507045 0 
201145635 31.1408826 0 
201145715 69.065737 0 
201145757 57.8272295 0 
201145772 62.4452344 0 
201145975 1.3486209 0 
201146022 1.5938247 0 
201146047 5.16971345 0 
201146072 57.7454949 0 
201146078 63.65081975 0 
201146106 47.9782102 0 
201146122 63.48735055 0 
201146153 31.52912195 0 
201146276 30.63004135 0 
201146327 56.5603432 0 
201146397 10.60506435 0 
201146408 0.67431045 0 
201146462 35.963224 0 
201146489 60.8105424 0 
201146616 49.6537695 0 
201146751 58.78761105 0 
201146779 62.1591633 0 
201146803 61.64832205 0 
201146821 36.31059605 0 
201146961 60.34056845 0 
201147012 41.54161045 0 
201147037 28.05540145 0 
201147066 28.95448205 0 
201147085 26.05290375 0 
201147132 63.4669169 0 
201147133 59.07368215 0 
201147180 1.1851517 0 
201147321 13.7314128 0 
201147381 30.99784705 0 
201147434 29.5061906 0 
201147492 61.68918935 0 
201147512 41.45987585 0 
201147752 30.1600674 0 
201147804 4.55670395 0 
201148030 38.2109255 0 
201148067 48.3051486 0 
201148083 30.46657215 0 
201148099 29.19968585 0 
201148176 19.8206405 0 
201148231 60.074931 0 
201148252 2.9833129 0 
201148324 32.2442997 0 
201148549 60.62663955 0 
201148594 40.11125495 0 
201148598 33.8789917 0 
201148702 26.62504595 0 
201148705 34.83937325 0 
201148768 55.35475785 0 
201148819 62.5678363 0 
201148900 38.9056696 0 
201149102 49.71507045 0 
201149246 59.76842625 0 
201149315 54.70088105 0 
201149321 38.4969966 0 
201149362 62.71087185 0 
201149394 60.892277 0 
201149416 55.3343242 0 
201149420 33.4703187 0 
201149449 66.71586725 0 
201149639 59.15541675 0 
201149731 51.6562672 0 
201149741 58.6854428 0 
201149791 59.27801865 0 
201149963 48.77512255 0 
201149979 52.1875421 0 
201150029 2.51333895 0 
201150074 31.24305085 0 
201150103 6.31399785 0 
201150117 41.1125038 0 
201150168 42.4611247 0 
201150171 64.8972724 0 
201150241 21.8640055 0 
201150269 66.5319644 0 
201150341 51.51323165 0 
201150403 41.5620441 0 
201150433 34.2059301 0 
201150492 35.145878 0 
201150552 56.8872816 0 
201150635 61.48485285 0 
201150637 4.2501992 0 
201150679 1.45078915 0 
201150706 46.77262485 0 
201150753 58.05199965 0 
201150760 31.6721575 0 
201150761 60.79010875 0 
201150843 29.85356265 0 
201151002 49.7355041 0 
201151020 7.90782255 0 
201151123 56.1516702 0 
201151124 30.0783328 0 
201151237 32.30560065 0 
201151239 48.85685715 0 
201151249 49.87853965 0 
201151426 45.8939779 0 
201151442 49.6946368 0 
201151496 42.44069105 0 
201151542 47.38563435 0 
201151637 58.99194755 0 
201151675 29.40402235 0 
201151748 65.89852125 0 
201151847 49.26553015 0 
201151864 30.2009347 0 
201151911 44.3818878 0 
201152065 24.1525743 0 
201152081 59.56408975 0 
201152103 63.36474865 0 
201152122 46.40481915 0 
201152126 52.78011795 0 
201152166 10.97287005 0 
201152197 29.833129 0 
201152311 31.2226172 0 
201152386 30.18050105 0 
201152399 10.35986055 0 
201152465 49.449433 0 
201152468 55.2934569 0 
201152511 4.06629635 0 
201152519 64.161661 0 
201152590 2.1659669 0 
201152641 59.11454945 0 
201152644 9.95118755 0 
201152771 59.4619215 0 
201152820 63.16041215 0 
201152964 29.60835885 0 
201152966 20.41321635 0 
201153157 62.75173915 0 
201153187 38.39482835 0 
201153208 48.8364235 0 
201153232 9.66511645 0 
201153290 26.155072 0 
201153314 31.3860864 0 
201153345 67.49234595 0 
201153417 28.91361475 0 
201153524 0.9808152 0 
201153536 61.77092395 0 
201153558 61.32138365 0 
201153579 35.9223567 0 
201153621 58.8080447 0 
201153744 52.33057765 0 
201153758 23.31479465 0 
201153763 35.37064815 0 
201153764 63.1399785 0 
201153776 30.2826693 0 
201153781 55.55909435 0 
201153824 45.05619825 0 
201153871 28.3619062 0 
201153874 29.7105271 0 
201153889 8.64343395 0 
201154121 59.257585 0 
201154190 28.54580905 0 
201154277 59.0941158 0 
201154313 58.86934565 0 
201154337 52.69838335 0 
201154373 62.7721728 0 
201154424 33.8381244 0 
201154432 53.02532175 0 
201154502 29.11795125 0 
201154553 29.9557309 0 
201154593 28.66841095 0 
201154745 1.12385075 0 
201154751 61.52572015 0 
201154827 58.031566 0 
201154853 55.579528 0 
201154929 43.33977165 0 
201154950 2.3294361 0 
201154959 55.4977934 0 
201155008 56.17210385 0 
201155011 59.97276275 0 
201155103 29.81269535 0 
201155148 62.75173915 0 
201155177 30.54830675 0 
201155356 57.3368219 0 
201155506 32.30560065 0 
201155548 52.5962151 0 
201155549 38.10875725 0 
201155649 50.32807995 0 
201155672 66.4502298 0 
201155688 59.3801869 0 
201155749 28.6888446 0 
201155941 0.79691235 0 
201155959 1.3486209 0 
201156057 58.91021295 0 
201156077 48.65252065 0 
201156081 28.50494175 0 
201156113 47.3243334 0 
201156121 59.72755895 0 
201156186 52.49404685 0 
201156219 50.28721265 0 
201156244 59.72755895 0 
201156258 4.84277505 0 
201156316 30.42570485 0 
201156321 56.1925375 0 
201156341 30.6913423 0 
201156345 0.6947441 0 
201156346 59.23715135 0 
201156403 49.51073395 0 
201156557 0.71517775 0 
201156562 30.87524515 0 
201156666 49.34726475 0 
201156672 24.4795127 0 
201156697 48.03951115 0 
201156724 28.6888446 0 
201156737 33.49075235 0 
201156820 54.6395801 0 
201156830 36.0449586 0 
201156840 58.8080447 0 
201156868 2.2068342 0 
201156876 29.8739963 0 
201157001 58.1950352 0 
201157015 28.3619062 0 
201157184 64.6520686 0 
201157230 40.11125495 0 
201157250 53.6587649 0 
201157270 27.1358872 0 
201157329 21.92530645 0 
201157359 46.69089025 0 
201157462 20.8014557 0 
201157465 64.71336955 0 
201157508 31.9582286 0 
201157518 61.9139595 0 
201157588 32.91861015 0 
201157632 29.5061906 0 
201157943 30.58917405 0 
201158092 0.7356114 0 
201158097 2.2068342 0 
201158179 58.5219736 0 
201158193 35.37064815 0 
201158213 38.7830677 0 
201158268 28.34147255 0 
201158367 51.1249923 0 
201158371 63.2217131 0 
201158404 29.73096075 0 
201158453 5.04711155 0 
201158501 34.55330215 0 
201158504 61.6687557 0 
201158602 22.1092093 0 
201158659 25.93030185 0 
201158707 59.7479926 0 
201158738 37.82268615 0 
201158751 46.77262485 0 
201158967 29.3427214 0 
201159026 26.9315507 0 
201159088 43.58497545 0 
201159182 46.5069874 0 
201159223 52.12624115 0 
201159224 30.4870058 0 
201159277 46.52742105 0 
201159302 53.84266775 0 
201159426 47.3652007 0 
201159488 30.6096077 0 
201159646 43.33977165 0 
201159680 30.1600674 0 
201159735 31.12044895 0 
201159740 48.77512255 0 
201159747 1.20558535 0 
201159893 42.3385228 0 
201159908 61.97526045 0 
201159946 29.6287925 0 
201159953 3.7597916 0 
201160015 47.09956325 0 
201160064 49.63333585 0 
201160127 29.52662425 0 
201160212 63.11954485 0 
201160215 24.58168095 0 
201160299 68.22795735 0 
201160319 60.54490495 0 
201160323 58.41980535 0 
201160334 7.33568035 0 
201160409 50.3893809 0 
201160412 54.762182 0 
201160431 65.89852125 0 
201160662 1.3894882 0 
201160678 61.9139595 0 
201160696 50.7571866 0 
201160803 40.23385685 0 
201160813 45.1583665 0 
201160842 30.2826693 0 
201160856 28.95448205 0 
201160864 3.2285167 0 
201160952 64.54990035 0 
201160981 61.2600827 0 
201161021 28.54580905 0 
201161055 29.5879252 0 
201161090 29.2609868 0 
201161117 52.8414189 0 
201161139 2.51333895 0 
201161164 65.8372203 0 
201161185 61.9139595 0 
201161236 38.3335274 0 
201161372 33.0616457 0 
201161403 53.7813668 0 
201161425 31.7130248 0 
201161491 64.4068648 0 
201161499 14.20138675 0 
201161504 29.77182805 0 
201161579 39.7230156 0 
201161644 29.0975176 0 
201161685 1.4303555 0 
201161713 67.77841705 0 
201161715 51.22716055 0 
201161738 64.5294667 0 
201161811 62.79260645 0 
201161836 55.7838645 0 
201161898 1.8798958 0 
201161944 68.4935948 0 
201161951 0.8582133 0 
201162045 58.4811063 0 
201162080 47.9782102 0 
201162081 66.14372505 0 
201162134 64.67250225 0 
201162154 18.32898405 0 
201162160 29.6287925 0 
201162246 66.47066345 0 
201162267 61.81179125 0 
201162427 35.77932115 0 
201162436 34.51243485 0 
201162439 54.29220805 0 
201162471 61.36225095 0 
201162484 66.87933645 0 
201162488 61.23964905 0 
201162534 58.848912 0 
201162603 50.5119828 0 
201162610 58.3585044 0 
201162663 4.84277505 0 
201162665 46.73175755 0 
201162704 65.6737511 0 
201162708 40.7446981 0 
201162726 28.21887065 0 
201162739 60.25883385 0 
201162759 60.99444525 0 
201162779 45.87354425 0 
201162784 56.74424605 0 
201162814 4.0458627 0 
201162820 28.2801716 0 
201162873 59.1758504 0 
201162929 25.93030185 0 
201162999 49.42899935 0 
201163013 61.77092395 0 
201163095 60.42230305 0 
201163216 50.8389212 0 
201163267 2.59507355 0 
201163286 61.48485285 0 
201163299 56.5603432 0 
201163416 49.26553015 0 
201163478 46.8747931 0 
201163527 64.2842629 0 
201163559 65.2242108 0 
201163585 64.79510415 0 
201163588 59.89102815 0 
201163637 55.80429815 0 
201163834 58.62414185 0 
201163852 30.09876645 0 
201163859 54.53741185 0 
201163999 60.9740116 0 
201164108 31.77432575 0 
201164343 35.28891355 0 
201164366 48.4277505 0 
201164396 55.64082895 0 
201164418 48.0599448 0 
201164477 46.6295893 0 
201164502 63.6303861 0 
201164534 27.8714986 0 
201164548 17.0825314 0 
201164586 37.9657217 0 
201164640 1.94119675 0 
201164732 59.35975325 0 
201164770 52.33057765 0 
201164775 33.3477168 0 
201164871 39.1917407 0 
201164894 37.78181885 0 
201165011 61.7504903 0 
201165050 60.483604 0 
201165065 31.61085655 0 
201165085 1.12385075 0 
201165116 34.0015936 0 
201165136 32.06039685 0 
201165141 54.762182 0 
201165258 59.52322245 0 
201165265 46.52742105 0 
201165269 35.4728164 0 
201165279 2.96287925 0 
201165284 27.11545355 0 
201165293 42.1750536 0 
201165294 31.28391815 0 
201165296 42.0115844 0 
201165329 31.467821 0 
201165331 56.78511335 0 
201165355 40.92860095 0 
201165363 1.16471805 0 
201165391 1.24645265 0 
201165416 54.0265706 0 
201165460 46.93609405 0 
201165645 35.28891355 0 
201165694 6.3344315 0 
201165730 2.47247165 0 
201165790 59.9114618 0 
201165795 28.25973795 0 
201165807 52.78011795 0 
201165919 38.19049185 0 
201165957 7.8056543 0 
201166077 29.5879252 0 
201166125 52.2284094 0 
201166171 57.27552095 0 
201166197 67.9623199 0 
201166236 57.0507508 0 
201166318 65.7146184 0 
201166446 62.42480075 0 
201166521 3.1059148 0 
201166542 1.0216825 0 
201166590 1.85946215 0 
201166605 4.96537695 0 
201166704 29.19968585 0 
201166730 33.1842476 0 
201166782 37.37314585 0 
201166796 61.0966135 0 
201166838 51.5745326 0 
201166844 26.5228777 0 
201166939 33.102513 0 
201166998 2.26813515 0 
201167089 47.1608642 0 
201167141 5.90532485 0 
201167247 32.79600825 0 
201167315 62.0774287 0 
201167317 65.8372203 0 
201167340 40.23385685 0 
201167398 20.98535855 0 
201167420 28.5662427 0 
201167435 58.0724333 0 
201167550 61.8730922 0 
201167626 34.9824088 0 
201167652 38.0474563 0 
201167705 31.6721575 0 
201167714 48.81598985 0 
201167737 65.1833435 0 
201167738 39.41651085 0 
201167767 61.1374808 0 
201167779 63.93689085 0 
201167785 24.09127335 0 
201167807 28.3619062 0 
201167858 4.6180049 0 
201167905 39.6004137 0 
201168021 27.40152465 0 
201168081 0.5312749 0 
201168117 60.3201348 0 
201168216 33.89942535 0 
201168229 46.24134995 0 
201168314 44.36145415 0 
201168320 58.5219736 0 
201168348 47.42650165 0 
201168410 53.67919855 0 
201168414 30.09876645 0 
201168428 41.0716365 0 
201168433 1.9207631 0 
201168472 63.16041215 0 
201168478 49.8989733 0 
201168534 59.80929355 0 
201168653 27.4628256 0 
201168696 61.68918935 0 
201168733 40.2134232 0 
201168754 70.23045505 0 
201168813 25.337726 0 
201168827 43.25803705 0 
201168872 62.8130401 0 
201168882 29.1383849 0 
201168883 34.0833282 0 
201168884 36.26972875 0 
201168917 60.62663955 0 
201168922 44.03451575 0 
201168957 36.39233065 0 
201169026 2.63594085 0 
201169086 59.27801865 0 
201169130 64.4477321 0 
201169204 48.4686178 0 
201169229 16.4695219 0 
201169284 65.7146184 0 
201169297 0.6947441 0 
201169304 61.8322249 0 
201169344 62.95607565 0 
201169367 56.8464143 0 
201169465 58.6445755 0 
201169558 34.0015936 0 
201169675 55.5386607 0 
201169724 59.40062055 0 
201169745 3.1876494 0 
201169753 30.75264325 0 
201169810 60.74924145 0 
201169812 55.4569261 0 
201169830 32.30560065 0 
201169856 38.0883236 0 
201169892 37.8431198 0 
201169959 31.0182807 0 
201169978 2.96287925 0 
201170018 35.57498465 0 
201170046 34.8598069 0 
201170108 64.67250225 0 
201170217 58.82847835 0 
201170239 42.68589485 0 
201170273 6.35486515 0 
201170301 30.2826693 0 
201170326 46.5069874 0 
201170362 34.328532 0 
201170410 56.62164415 0 
201170472 56.94858255 0 
201170475 60.4427367 0 
201170503 59.68669165 0 
201170522 47.67170545 0 
201170542 55.170855 0 
201170571 32.3669016 0 
201170586 1.61425835 0 
201170605 39.29390895 0 
201170680 58.74674375 0 
201170713 40.96946825 0 
201170794 53.80180045 0 
201170884 7.37654765 0 
201170894 25.19469045 0 
201170934 2.1659669 0 
201171090 32.91861015 0 
201171121 45.4444376 0 
201171139 63.16041215 0 
201171158 52.1058075 0 
201171166 63.32388135 0 
201171175 28.9340484 0 
201171265 48.24384765 0 
201171280 63.81428895 0 
201171302 35.37064815 0 
201171315 58.6854428 0 
201171393 62.4043671 0 
201171401 39.62084735 0 
201171409 31.2634845 0 
201171442 17.8590101 0 
201171453 25.5420625 0 
201171557 39.1100061 0 
201171573 32.95947745 0 
201171598 28.83188015 0 
201171671 33.3068495 0 
201171697 44.60665795 0 
201171706 39.45737815 0 
201171716 27.0541526 0 
201171721 59.68669165 0 
201171777 66.55239805 0 
201171815 38.415262 0 
201171837 59.8705945 0 
201171838 34.1241955 0 
201171852 70.291756 0 
201171861 30.650475 0 
201171993 1.2668863 0 
201172004 43.6462764 0 
201172043 54.762182 0 
201172063 52.718817 0 
201172079 55.96776735 0 
201172086 64.71336955 0 
201172104 64.570334 0 
201172129 50.24634535 0 
201172170 61.4644192 0 
201172196 54.45567725 0 
201172240 4.4136684 0 
201172246 50.73675295 0 
201172293 37.6796506 0 
201172303 27.0132853 0 
201172326 19.39153385 0 
201172371 59.3801869 0 
201172421 29.48575695 0 
201172433 30.83437785 0 
201172463 33.32728315 0 
201172565 6.27313055 0 
201172569 37.20967665 0 
201172581 3.6371897 0 
201172593 46.07788075 0 
201172676 61.8730922 0 
201172705 54.9256512 0 
201172764 39.45737815 0 
201172765 31.77432575 0 
201172833 55.7429972 0 
201172852 35.7180202 0 
201172897 61.7504903 0 
201172962 59.80929355 0 
201173012 59.72755895 0 
201173097 51.02282405 0 
201173111 16.61255745 0 
201173123 64.99944065 0 
201173185 62.2817652 0 
201173200 63.44648325 0 
201173209 50.32807995 0 
201173274 39.57998005 0 
201173329 28.1575697 0 
201173363 62.3634998 0 
201173372 59.7479926 0 
201173390 16.12214985 0 
201173412 46.89522675 0 
201173440 50.8389212 0 
201173613 50.266779 0 
201173627 61.7504903 0 
201173638 4.3319338 0 
201173657 45.91441155 0 
201173666 25.43989425 0 
201173667 3.5554551 0 
201173683 4.4545357 0 
201173685 41.01033555 0 
201173704 53.7813668 0 
201173711 45.83267695 0 
201173775 49.51073395 0 
201173815 61.32138365 0 
201173845 47.95777655 0 
201173874 63.344315 0 
201173888 41.8072479 0 
201173891 31.65172385 0 
201173945 31.89692765 0 
201173951 52.08537385 0 
201173952 17.6138063 0 
201173976 43.2784707 0 
201173987 63.0582439 0 
201174004 62.8130401 0 
201174113 64.14122735 0 
201174204 51.5745326 0 
201174229 20.4745173 0 
201174291 26.4002758 0 
201174304 47.6921391 0 
201174338 56.0699356 0 
201174351 60.9740116 0 
201174476 51.8606037 0 
201174549 59.0532485 0 
201174568 57.03031715 0 
201174574 59.64582435 0 
201174600 62.30219885 0 
201174616 61.6687557 0 
201174640 53.14792365 0 
201174663 45.95527885 0 
201174664 38.59916485 0 
201174732 34.18549645 0 
201174741 64.8155378 0 
201174760 28.1167024 0 
201174763 25.72596535 0 
201174765 66.4502298 0 
201174775 61.2192154 0 
201174783 65.32637905 0 
201174877 19.4528348 0 
201174881 50.3893809 0 
201174931 39.4778118 0 
201175032 68.26882465 0 
201175045 8.84777045 0 
201175137 54.7213147 0 
201175159 55.23215595 0 
201175161 32.42820255 0 
201175283 64.54990035 0 
201175402 60.62663955 0 
201175431 39.82518385 0 
201175459 53.7404995 0 
201175482 58.6445755 0 
201175501 66.5728317 0 
201175515 2.6972418 0 
201175535 54.5987128 0 
201175549 34.5328685 0 
201175557 59.48235515 0 
201175580 50.7163193 0 
201175602 31.36565275 0 
201175625 61.52572015 0 
201175646 61.9139595 0 
201175694 60.87184335 0 
201175717 55.1299877 0 
201175794 60.91271065 0 
201175819 50.61415105 0 
201175849 38.006589 0 
201175931 3.33068495 0 
201175986 52.9231535 0 
201176015 36.59666715 0 
201176045 59.23715135 0 
201176072 44.52492335 0 
201176131 26.91111705 0 
201176195 20.6788538 0 
201176199 65.2650781 0 
201176219 64.4068648 0 
201176231 53.51572935 0 
201176421 46.8747931 0 
201176426 20.29061445 0 
201176429 57.9498314 0 
201176431 34.51243485 0 
201176453 32.26473335 0 
201176497 58.848912 0 
201176517 8.2551946 0 
201176587 50.08287615 0 
201176594 64.38643115 0 
201176620 20.1884462 0 
201176651 46.7521912 0 
201176671 46.32308455 0 
201176672 61.23964905 0 
201176711 50.28721265 0 
201176788 65.9598222 0 
201176795 60.95357795 0 
201176860 28.4436408 0 
201176922 62.8130401 0 
201177002 46.97696135 0 
201177015 64.30469655 0 
201177080 57.7046276 0 
201177156 66.6954336 0 
201177163 64.2842629 0 
201177173 30.18050105 0 
201177194 62.79260645 0 
201177208 39.17130705 0 
201177240 33.81769075 0 
201177253 61.40311825 0 
201177282 53.944836 0 
201177319 46.180049 0 
201177334 57.19378635 0 
201177343 58.9715139 0 
201177350 31.3452191 0 
201177408 67.28800945 0 
201177438 35.1867453 0 
201177440 18.28811675 0 
201177595 62.6495709 0 
201177699 29.07708395 0 
201177817 55.6203953 0 
201177861 48.5503524 0 
201177907 46.73175755 0 
201177977 62.67000455 0 
201177997 35.45238275 0 
201178057 60.99444525 0 
201178067 0.96038155 0 
201178096 38.64003215 0 
201178132 59.6253907 0 
201178198 5.12884615 0 
201178204 13.58837725 0 
201178223 27.4628256 0 
201178300 45.771376 0 
201178308 1.57339105 0 
201178313 37.61834965 0 
201178336 64.0390591 0 
201178362 53.5770303 0 
201178501 14.65092705 0 
201178522 60.9740116 0 
201178700 31.20218355 0 
201178730 2.39073705 0 
201178756 19.80020685 0 
201178760 12.3419246 0 
201178796 65.53071555 0 
201178802 30.67090865 0 
201178874 68.8614005 0 
201178958 63.6712534 0 
201179008 33.6337879 0 
201179061 1.49165645 0 
201179069 49.858106 0 
201179141 57.3776892 0 
201179176 47.3652007 0 
201179217 61.9139595 0 
201179300 61.48485285 0 
201179349 53.6178976 0 
201179466 21.1692614 0 
201179543 54.37394265 0 
201179745 38.3335274 0 
201179758 10.97287005 0 
201179828 63.8755899 0 
201179857 35.41151545 0 
201179858 51.96277195 0 
201179876 61.5870211 0 
201179950 63.36474865 0 
201179999 21.68010265 0 
201180025 4.76104045 0 
201180090 32.83687555 0 
201180149 41.684646 0 
201180199 61.0557462 0 
201180204 67.90101895 0 
201180264 59.5436561 0 
201180326 49.6946368 0 
201180406 60.483604 0 
201180425 2.4111707 0 
201180427 63.97775815 0 
201180475 43.13543515 0 
201180520 11.62674685 0 
201180565 1.57339105 0 
201180642 16.0608489 0 
201180684 56.6012105 0 
201180686 62.2000306 0 
201180687 59.0123812 0 
201180709 47.99864385 0 
201180713 27.8714986 0 
201180736 54.70088105 0 
201180742 49.449433 0 
201180758 64.71336955 0 
201180797 44.2592859 0 
201180817 64.6112013 0 
201180884 66.22545965 0 
201180957 41.8889825 0 
201180983 29.81269535 0 
201181031 0.8582133 0 
201181047 52.61664875 0 
201181070 38.19049185 0 
201181093 49.30639745 0 
201181108 40.5403616 0 
201181154 62.2817652 0 
201181169 31.03871435 0 
201181206 59.80929355 0 
201181250 2.14553325 0 
201181269 46.1391817 0 
201181294 55.0073858 0 
201181415 38.7013331 0 
201181425 38.47656295 0 
201181430 22.49744865 0 
201181471 31.9582286 0 
201181480 48.9181581 0 
201181494 19.80020685 0 
201181552 61.2600827 0 
201181598 13.4453417 0 
201181600 65.81678665 0 
201181611 1.5120901 0 
201181629 63.0582439 0 
201181761 50.85935485 0 
201181767 1.8390285 0 
201181791 48.9998927 0 
201181805 62.58826995 0 
201181831 48.1008121 0 
201181904 54.53741185 0 
201181946 19.84107415 0 
201181991 62.7721728 0 
201181998 49.71507045 0 
201182059 24.4386454 0 
201182066 38.3743947 0 
201182079 63.69168705 0 
201182140 60.83097605 0 
201182153 31.1000153 0 
201182160 30.7730769 0 
201182190 1.2668863 0 
201182334 61.5870211 0 
201182347 54.16960615 0 
201182348 48.6729543 0 
201182353 20.5153846 0 
201182393 41.82768155 0 
201182438 38.4969966 0 
201182457 53.84266775 0 
201182490 39.1100061 0 
201182504 1.49165645 0 
201182514 60.892277 0 
201182522 62.5678363 0 
201182538 62.9765093 0 
201182587 3.7597916 0 
201182620 63.07867755 0 
201182633 1.16471805 0 
201182726 39.641281 0 
201182744 66.79760185 0 
201182754 58.29720345 0 
201182780 61.64832205 0 
201182783 50.5937174 0 
201182791 58.4811063 0 
201182852 6.88614005 0 
201182858 64.91770605 0 
201182911 1.7572939 0 
201182968 49.1224946 0 
201182984 58.3585044 0 
201183013 20.12714525 0 
201183070 52.8414189 0 
201183101 32.26473335 0 
201183157 23.80520225 0 
201183170 62.935642 0 
201183188 1.1851517 0 
201183199 57.92939775 0 
201183248 51.51323165 0 
201183255 2.043365 0 
201183268 59.1349831 0 
201183291 21.80270455 0 
201183292 18.49245325 0 
201183294 63.73255435 0 
201183302 49.79680505 0 
201183351 43.4419399 0 
201183353 65.20377715 0 
201183400 49.30639745 0 
201183420 59.48235515 0 
201183421 47.30389975 0 
201183525 1.36905455 0 
201183536 48.73425525 0 
201183559 26.2368066 0 
201183621 49.8172387 0 
201183626 47.18129785 0 
201183723 46.40481915 0 
201183767 71.5586423 0 
201183812 9.54251455 0 
201183819 59.97276275 0 
201183825 61.40311825 0 
201183905 51.30889515 0 
201183994 47.814741 0 
201184046 61.8322249 0 
201184067 57.72506125 0 
201184068 1.32818725 0 
201184075 63.60995245 0 
201184106 61.6278884 0 
201184117 17.4503371 0 
201184132 49.9807079 0 
201184144 53.3726938 0 
201184198 19.30979925 0 
201184230 62.58826995 0 
201184326 35.32978085 0 
201184362 44.11625035 0 
201184365 59.9523291 0 
201184413 34.0833282 0 
201184429 49.55160125 0 
201184437 30.4052712 0 
201184439 52.8822862 0 
201184523 38.0474563 0 
201184539 30.4052712 0 
201184549 37.7205179 0 
201184584 19.0850291 0 
201184611 5.21058075 0 
201184625 38.14962455 0 
201184637 63.1399785 0 
201184653 1.9207631 0 
201184655 1.12385075 0 
201184658 48.1008121 0 
201184687 29.015783 0 
201184689 54.353509 0 
201184699 61.97526045 0 
201184734 63.344315 0 
201184792 55.39562515 0 
201184816 46.7521912 0 
201184877 51.6562672 0 
201184909 61.40311825 0 
201184930 38.2517928 0 
201185048 61.8322249 0 
201185112 56.66251145 0 
201185146 30.91611245 0 
201185204 20.8831903 0 
201185257 48.61165335 0 
201185298 12.36235825 0 
201185321 3.82109255 0 
201185365 46.89522675 0 
201185368 15.91781335 0 
201185370 25.56249615 0 
201185394 58.91021295 0 
201185441 1.9616304 0 
201185446 48.9590254 0 
201185457 15.8565124 0 
201185496 3.61675605 0 
201185538 62.34306615 0 
201185577 49.6946368 0 
201185604 42.03201805 0 
201185628 48.8364235 0 
201185751 53.8631014 0 
201185771 27.1767545 0 
201185774 57.0507508 0 
201185775 1.5529574 0 
201185795 45.34226935 0 
201185828 37.00534015 0 
201185897 60.8105424 0 
201185905 49.71507045 0 
201185910 17.981612 0 
201185922 23.294361 0 
201186058 48.4277505 0 
201186087 37.29141125 0 
201186227 48.3460159 0 
201186266 56.3560067 0 
201186285 51.59496625 0 
201186302 49.9398406 0 
201186374 47.95777655 0 
201186393 35.41151545 0 
201186464 70.3734906 0 
201186473 64.05949275 0 
201186480 1.20558535 0 
201186545 31.16131625 0 
201186616 1.1442844 0 
201186633 30.58917405 0 
201186648 53.76093315 0 
201186650 1.8390285 0 
201186663 60.483604 0 
201186688 3.16721575 0 
201186703 34.1650628 0 
201186727 59.0123812 0 
201186731 9.82858565 0 
201186737 41.7255133 0 
201186781 7.94868985 0 
201186787 71.6403769 0 
201186806 50.1441771 0 
201186889 52.90271985 0 
201186910 38.64003215 0 
201187009 50.4302482 0 
201187079 55.59996165 0 
201187101 1.65512565 0 
201187168 38.80350135 0 
201187261 65.4285473 0 
201187271 35.7997548 0 
201187307 35.3093472 0 
201187490 38.96697055 0 
201187514 21.659669 0 
201187533 54.2717744 0 
201187539 62.8947747 0 
201187584 50.3893809 0 
201187599 49.4085657 0 
201187673 60.8105424 0 
201187767 68.3301256 0 
201187814 27.89193225 0 
201187823 48.6729543 0 
201187840 40.9490346 0 
201187901 64.2025283 0 
201187923 3.53502145 0 
201188016 35.45238275 0 
201188023 0.9808152 0 
201188030 47.75344005 0 
201188042 4.59757125 0 
201188055 64.30469655 0 
201188056 4.51583665 0 
201188091 33.00034475 0 
201188107 30.8139442 0 
201188196 50.90022215 0 
201188204 46.40481915 0 
201188272 47.91690925 0 
201188307 11.0750383 0 
201188402 1.94119675 0 
201188504 43.9323475 0 
201188606 56.3560067 0 
201188620 52.45317955 0 
201188641 62.5678363 0 
201188657 24.33647715 0 
201188680 63.32388135 0 
201188733 38.96697055 0 
201188739 51.55409895 0 
201188743 48.77512255 0 
201188761 0.83777965 0 
201188825 21.02622585 0 
201188885 46.5069874 0 
201188911 59.76842625 0 
201188928 61.709623 0 
201188934 2.14553325 0 
201189069 50.12374345 0 
201189074 52.65751605 0 
201189201 59.0123812 0 
201189238 47.9373429 0 
201189272 48.1416794 0 
201189289 20.43365 0 
201189380 55.7838645 0 
201189386 61.97526045 0 
201189418 38.02702265 0 
201189426 59.0532485 0 
201189441 52.8414189 0 
201189489 63.03781025 0 
201189494 49.04076 0 
201189518 42.15461995 0 
201189526 60.8105424 0 
201189568 71.517775 0 
201189628 2.0024977 0 
201189629 63.6303861 0 
201189632 63.32388135 0 
201189639 63.52821785 0 
201189741 52.49404685 0 
201189784 50.7980539 0 
201189827 20.53581825 0 
201189835 16.5921238 0 
201189844 1.65512565 0 
201189847 1.7981612 0 
201189849 61.1374808 0 
201189850 58.8897793 0 
201189859 35.6771529 0 
201189885 58.95108025 0 
201189894 49.7355041 0 
201189903 20.6788538 0 
201189938 30.58917405 0 
201189968 2.4111707 0 
201189985 7.7239197 0 
201189990 55.31389055 0 
201190000 23.0082899 0 
201190037 61.15791445 0 
201190074 49.6946368 0 
201190075 32.01952955 0 
201190257 61.7504903 0 
201190339 8.76603585 0 
201190373 40.02952035 0 
201190480 55.988201 0 
201190493 26.21637295 0 
201190502 59.40062055 0 
201190558 52.2692767 0 
201190704 51.6971345 0 
201190726 60.42230305 0 
201190754 43.0332669 0 
201190781 34.26723105 0 
201190784 38.0883236 0 
201190802 61.2192154 0 
201190829 29.5879252 0 
201190856 26.09377105 0 
201190923 26.6046123 0 
201190940 1.16471805 0 
201190984 53.0866227 0 
201191052 34.30809835 0 
201191068 47.75344005 0 
201191083 28.30060525 0 
201191171 32.26473335 0 
201191173 36.39233065 0 
201191210 49.18379555 0 
201191250 19.8206405 0 
201191257 1.08298345 0 
201191289 60.6879405 0 
201191406 51.47236435 0 
201191416 10.1759577 0 
201191433 38.5378639 0 
201191467 43.29890435 0 
201191470 29.40402235 0 
201191486 66.10285775 0 
201191518 54.762182 0 
201191777 48.08037845 0 
201191786 34.4511339 0 
201191890 48.77512255 0 
201191902 61.85265855 0 
201191909 38.9056696 0 
201191910 27.23805545 0 
201192001 4.02542905 0 
201192037 17.2868679 0 
201192079 50.7571866 0 
201192080 25.337726 0 
201192097 11.70848145 0 
201192139 35.90192305 0 
201192179 48.9590254 0 
201192184 20.08627795 0 
201192216 50.3485136 0 
201192236 49.2042292 0 
201192303 70.55739345 0 
201192338 34.92110785 0 
201192358 2.39073705 0 
201192442 1.12385075 0 
201192452 28.4436408 0 
201192469 24.111707 0 
201192480 31.20218355 0 
201192492 51.6153999 0 
201192527 62.95607565 0 
201192538 27.2176218 0 
201192542 45.75094235 0 
201192602 61.1783481 0 
201192612 47.2017315 0 
201192622 3.1876494 0 
201192653 38.59916485 0 
201192661 39.5595464 0 
201192735 3.1059148 0 
201192747 50.2259117 0 
201192917 53.944836 0 
201192924 55.35475785 0 
201192962 53.72006585 0 
201193007 47.1199969 0 
201193024 51.06369135 0 
201193041 23.60086575 0 
201193104 54.12873885 0 
201193175 61.6278884 0 
201193212 31.69259115 0 
201193257 61.07617985 0 
201193316 49.38813205 0 
201193420 7.3152467 0 
201193441 18.5537542 0 
201193448 48.65252065 0 
201193490 62.99694295 0 
201193506 30.95697975 0 
201193526 58.58327455 0 
201193569 37.20967665 0 
201193585 36.67840175 0 
201193591 0.7764787 0 
201193597 41.09207015 0 
201193602 28.4845081 0 
201193630 41.3985749 0 
201193658 62.5678363 0 
201193663 67.5127796 0 
201193666 58.01113235 0 
201193676 4.06629635 0 
201193753 61.3418173 0 
201193768 62.62913725 0 
201193787 60.66750685 0 
201193858 28.6888446 0 
201193874 47.63083815 0 
201193891 2.75854275 0 
201193897 8.5412657 0 
201193926 52.98445445 0 
201194082 58.3176371 0 
201194179 71.70167785 0 
201194189 35.00284245 0 
201194201 56.82598065 0 
201194206 36.2492951 0 
201194232 38.27222645 0 
201194247 27.56499385 0 
201194317 19.51413575 0 
201194350 22.94698895 0 
201194410 34.0015936 0 
201194416 61.3826846 0 
201194428 60.54490495 0 
201194478 62.09786235 0 
201194502 50.61415105 0 
201194526 28.75014555 0 
201194556 43.4010726 0 
201194600 58.2767698 0 
201194628 39.94778575 0 
201194693 38.31309375 0 
201194775 45.0357646 0 
201194781 30.241802 0 
201194808 2.59507355 0 
201194869 37.53661505 0 
201194943 42.2976555 0 
201194967 33.5520533 0 
201194986 49.06119365 0 
201194988 32.8573092 0 
201195015 55.19128865 0 
201195055 30.75264325 0 
201195193 60.8514097 0 
201195204 47.67170545 0 
201195291 50.3076463 0 
201195383 32.8573092 0 
201195409 64.6929359 0 
201195487 36.35146335 0 
201195492 49.3268311 0 
201195553 30.83437785 0 
201195570 63.16041215 0 
201195584 28.13713605 0 
201195593 55.3343242 0 
201195625 59.5027888 0 
201195647 10.40072785 0 
201195682 26.13463835 0 
201195700 24.2343089 0 
201195704 49.91940695 0 
201195737 38.47656295 0 
201195748 18.6763561 0 
201195759 65.38768 0 
201195822 50.69588565 0 
201195856 10.64593165 0 
201195905 19.9841097 0 
201195909 50.94108945 0 
201195913 38.415262 0 
201195936 22.66091785 0 
201196030 41.01033555 0 
201196068 61.81179125 0 
201196167 47.7738737 0 
201196226 1.3894882 0 
201196429 37.86355345 0 
201196448 58.2767698 0 
201196456 47.71257275 0 
201196585 63.2217131 0 
201196603 53.9039687 0 
201196724 47.2425988 0 
201196729 15.8156451 0 
201196730 33.61335425 0 
201196732 2.860711 0 
201196774 10.89113545 0 
201196841 7.09047655 0 
201196865 18.57418785 0 
201196871 38.1700582 0 
201196880 40.9081673 0 
201196922 66.205026 0 
201197006 36.47406525 0 
201197015 61.30095 0 
201197062 52.04450655 0 
201197137 22.12964295 0 
201197205 5.78272295 0 
201197223 34.6146031 0 
201197231 48.1008121 0 
201197280 56.1108029 0 
201197295 58.33807075 0 
201197348 31.32478545 0 
201197354 0.8582133 0 
201197358 3.5145878 0 
201197411 50.00114155 0 
201197421 55.6203953 0 
201197593 70.0874195 0 
201197597 18.4311523 0 
201197637 31.7130248 0 
201197669 61.36225095 0 
201197718 64.7746705 0 
201197734 29.11795125 0 
201197767 58.5219736 0 
201197768 60.1975329 0 
201197779 57.0098835 0 
201197800 26.95198435 0 
201197804 42.15461995 0 
201197820 25.9507355 0 
201197836 33.0616457 0 
201197909 16.7964603 0 
201197934 38.47656295 0 
201197987 54.1900398 0 
201198084 61.2600827 0 
201198086 48.9181581 0 
201198100 65.8372203 0 
201198110 54.3943763 0 
201198117 34.6146031 0 
201198149 31.07958165 0 
201198192 2.02293135 0 
201198232 41.37814125 0 
201198255 35.94279035 0 
201198271 38.14962455 0 
201198291 43.66671005 0 
201198340 47.22216515 0 
201198477 23.9891051 0 
201198540 32.4486362 0 
201198562 61.07617985 0 
201198655 63.11954485 0 
201198725 33.32728315 0 
201198750 45.5261722 0 
201198792 26.25724025 0 
201198853 35.65671925 0 
201198915 47.0791296 0 
201198934 58.6037082 0 
201199000 56.3151394 0 
201199015 70.67999535 0 
201199073 60.58577225 0 
201199103 65.85765395 0 
201199104 52.69838335 0 
201199169 39.94778575 0 
201199177 41.05120285 0 
201199179 32.22386605 0 
201199190 48.5094851 0 
201199213 52.1875421 0 
201199259 1.77772755 0 
201199261 16.6329911 0 
201199290 27.11545355 0 
201199515 59.666258 0 
201199524 69.7196138 0 
201199552 46.60915565 0 
201199556 38.43569565 0 
201199562 35.04370975 0 
201199609 20.12714525 0 
201199752 62.7721728 0 
201199837 43.5236745 0 
201199862 3.3102513 0 
201199894 20.49495095 0 
201199927 49.42899935 0 
