201300080 37.8839871 0 
201300150 33.36815045 0 
201300200 60.29970115 0 
201300337 49.79680505 0 
201300402 43.78931195 0 
201300549 1.20558535 0 
201300669 61.0148789 0 
201300685 62.1591633 0 
201300805 7.29481305 0 
201300850 55.9473337 0 
201300910 30.54830675 0 
201300942 61.73005665 0 
201301027 21.7005363 0 
201301053 48.77512255 0 
201301470 51.8606037 0 
201301484 47.87604195 0 
201301835 13.62924455 0 
201301892 47.7330064 0 
201301932 56.00863465 0 
201302050 61.3826846 0 
201302075 63.60995245 0 
201302077 41.37814125 0 
201302126 57.7454949 0 
201302210 59.5027888 0 
201302214 59.44148785 0 
201302545 20.1067116 0 
201302685 53.6178976 0 
201302704 14.97786545 0 
201302713 64.8564051 0 
201302762 34.30809835 0 
201302909 51.71756815 0 
201303093 26.95198435 0 
201303221 46.24134995 0 
201303412 1.32818725 0 
201303441 61.32138365 0 
201303545 50.24634535 0 
201303701 36.06539225 0 
201303766 29.6696598 0 
201303772 34.2467974 0 
201303936 67.1449739 0 
201304153 44.15711765 0 
201304211 36.371897 0 
201304346 46.60915565 0 
201304357 46.48655375 0 
201304372 33.49075235 0 
201304556 2.59507355 0 
201304636 36.2084278 0 
201304878 13.6088109 0 
201305005 67.53321325 0 
201305027 48.52991875 0 
201305124 48.4277505 0 
201305279 35.32978085 0 
201305342 66.5319644 0 
201305478 55.06868675 0 
201305549 56.0290683 0 
201305552 57.7046276 0 
201305711 48.73425525 0 
201305726 54.0265706 0 
201305764 34.2059301 0 
201305776 50.3893809 0 
201305779 26.2776739 0 
201305781 52.61664875 0 
201305785 26.54331135 0 
201305883 50.3076463 0 
201305941 30.4461385 0 
201306025 31.77432575 0 
201306031 50.57328375 0 
201306067 21.4961998 0 
201306196 47.0791296 0 
201306222 66.1641587 0 
201306252 61.2192154 0 
201306475 67.24714215 0 
201306839 1.00124885 0 
201307051 13.58837725 0 
201307126 31.2226172 0 
201307150 58.440239 0 
201307335 48.5912197 0 
201307355 48.2642813 0 
201307371 47.58997085 0 
201307386 46.588722 0 
201307402 48.5094851 0 
201307439 52.61664875 0 
201307540 5.8031566 0 
201307550 5.4353509 0 
201307555 44.7905608 0 
201307619 57.2959546 0 
201307675 60.1975329 0 
201307888 52.5962151 0 
201307939 40.9899019 0 
201307969 64.05949275 0 
201308005 1.36905455 0 
201308203 48.7546889 0 
201308482 10.44159515 0 
201308532 0.817346 0 
201308567 31.2226172 0 
201308683 64.30469655 0 
201308779 1.90032945 0 
201308868 55.59996165 0 
201308974 50.8389212 0 
201309098 24.90861935 0 
201309138 68.9840024 0 
201309202 37.61834965 0 
201309204 43.95278115 0 
201309318 17.0416641 0 
201309589 20.45408365 0 
201309709 49.04076 0 
201309995 61.15791445 0 
201310032 65.8780876 0 
201310077 2.4929053 0 
201310086 50.04200885 0 
201310210 1.4712228 0 
201310473 1.61425835 0 
201310674 38.9056696 0 
201310675 26.66591325 0 
201310768 8.60256665 0 
201310824 28.25973795 0 
201310868 22.885688 0 
201311041 37.57748235 0 
201311146 59.03281485 0 
201311189 49.46986665 0 
201311200 37.0257738 0 
201311365 61.3826846 0 
201311393 53.88353505 0 
201311409 44.52492335 0 
201311701 60.8105424 0 
201311785 37.53661505 0 
201311798 16.6329911 0 
201311894 52.24884305 0 
201311941 59.31888595 0 
201312056 50.32807995 0 
201312150 20.33148175 0 
201312270 58.25633615 0 
201312319 41.5620441 0 
201312334 57.8680968 0 
201312376 34.18549645 0 
201312438 48.1825467 0 
201312517 43.83017925 0 
201312597 52.6370824 0 
201312701 5.45578455 0 
201312763 42.093319 0 
201312834 59.72755895 0 
201312951 50.12374345 0 
201313122 51.96277195 0 
201313341 23.0900245 0 
201313352 25.746399 0 
201313399 51.6153999 0 
201313414 29.7105271 0 
201313611 64.9381397 0 
201313646 39.25304165 0 
201313664 25.2968587 0 
201313719 31.5086883 0 
201313783 27.72846305 0 
201314032 51.8606037 0 
201314060 34.38983295 0 
201314123 28.13713605 0 
201314150 16.32648635 0 
201314186 4.02542905 0 
201314315 51.3293288 0 
201314412 59.4210542 0 
201314531 34.83937325 0 
201314645 26.6863469 0 
201314724 49.1224946 0 
201314772 32.83687555 0 
201314832 1.8390285 0 
201314889 59.85016085 0 
201314976 29.833129 0 
201315010 53.6178976 0 
201315038 16.4695219 0 
201315070 45.05619825 0 
201315134 22.70178515 0 
201315283 25.6237971 0 
201315370 52.3510113 0 
201315414 68.96356875 0 
201315423 50.675452 0 
201315649 36.6988354 0 
201315808 2.43160435 0 
201316330 64.38643115 0 
201316334 38.4561293 0 
201316415 50.5937174 0 
201316420 1.94119675 0 
201316698 16.93949585 0 
201316886 40.43819335 0 
201317002 9.6855501 0 
201317033 49.2450965 0 
201317142 31.85606035 0 
201317160 42.44069105 0 
201317167 29.3427214 0 
201317220 51.4519307 0 
201317296 49.449433 0 
201317351 49.30639745 0 
201317353 62.13872965 0 
201317609 41.275973 0 
201317634 48.89772445 0 
201317659 56.49904225 0 
201317732 23.0491572 0 
201317891 34.67590405 0 
201317919 4.80190775 0 
201317923 0.6538768 0 
201317992 51.7380018 0 
201317994 58.54240725 0 
201318126 57.60245935 0 
201318154 2.5746399 0 
201318197 47.34476705 0 
201318314 45.21966745 0 
201318479 1.04211615 0 
201318538 16.48995555 0 
201318587 49.2859638 0 
201318590 53.7404995 0 
201318615 31.7538921 0 
201318700 53.51572935 0 
201318734 67.6762488 0 
201318766 35.8406221 0 
201318777 48.0599448 0 
201318831 5.8031566 0 
201318905 49.9398406 0 
201318951 31.40652005 0 
201318977 14.28312135 0 
201319017 57.8272295 0 
201319225 48.44818415 0 
201319442 47.9373429 0 
201319499 63.24214675 0 
201319511 28.83188015 0 
201319582 49.10206095 0 
201319823 1.0216825 0 
201319890 68.1257891 0 
201320012 1.7981612 0 
201320016 50.0624425 0 
201320030 38.4969966 0 
201320141 54.16960615 0 
201320215 49.5311676 0 
201320240 48.3460159 0 
201320395 2.2477015 0 
201320492 9.5220809 0 
201320519 18.32898405 0 
201320619 43.4010726 0 
201320635 5.2310144 0 
201320697 49.51073395 0 
201320842 59.666258 0 
201320860 34.5328685 0 
201320892 42.9515323 0 
201320912 59.80929355 0 
201320989 5.04711155 0 
201321012 1.28731995 0 
201321047 3.7189243 0 
201321074 46.5478547 0 
201321113 50.1850444 0 
201321206 43.5645418 0 
201321416 62.1591633 0 
201321471 54.08787155 0 
201321539 63.3851823 0 
201321541 1.57339105 0 
201321582 38.9056696 0 
201321584 50.69588565 0 
201321604 63.65081975 0 
201321645 21.80270455 0 
201321791 49.79680505 0 
201321817 48.40731685 0 
201321831 55.170855 0 
201321851 61.1374808 0 
201321887 48.9590254 0 
201321930 27.85106495 0 
201322095 59.15541675 0 
201322183 62.17959695 0 
201322188 38.43569565 0 
201322249 33.98115995 0 
201322276 59.3801869 0 
201322334 31.0182807 0 
201322432 55.64082895 0 
201322437 9.5629482 0 
201322441 8.47996475 0 
201322485 0.6130095 0 
201322567 1.24645265 0 
201322592 52.3510113 0 
201322601 13.486209 0 
201322759 48.93859175 0 
201322869 42.4611247 0 
201323052 46.24134995 0 
201323293 3.98456175 0 
201323300 45.6896414 0 
201323410 61.1374808 0 
201323555 46.7113239 0 
201323727 25.23555775 0 
201323758 28.83188015 0 
201323762 60.8514097 0 
201323857 64.8155378 0 
201323863 43.7688783 0 
201323881 49.8172387 0 
201323936 35.69758655 0 
201324037 55.7838645 0 
201324042 32.285167 0 
201324140 1.08298345 0 
201324250 68.3301256 0 
201324445 25.9098682 0 
201324549 4.92450965 0 
201324563 32.55080445 0 
201324583 51.7788691 0 
201324617 1.53252375 0 
201324621 50.0215752 0 
201324713 49.10206095 0 
201324981 22.4361477 0 
201324982 49.4085657 0 
201325105 50.32807995 0 
201325113 29.07708395 0 
201325244 9.25644345 0 
201325348 58.3993717 0 
201325725 47.01782865 0 
201325811 32.5303708 0 
201325817 62.22046425 0 
201326089 38.88523595 0 
201326193 54.82348295 0 
201326228 49.04076 0 
201326330 38.31309375 0 
201326391 34.34896565 0 
201326421 21.7005363 0 
201326425 15.67260955 0 
201326463 31.56998925 0 
201326497 47.95777655 0 
201326528 61.0148789 0 
201326556 30.67090865 0 
201326656 49.55160125 0 
201326699 66.0006895 0 
201326798 48.1416794 0 
201326848 26.4411431 0 
201326857 59.8705945 0 
201326984 62.91520835 0 
201327090 30.05789915 0 
201327123 49.3676984 0 
201327177 67.9623199 0 
201327238 53.84266775 0 
201327241 37.70008425 0 
201327276 41.13293745 0 
201327334 48.61165335 0 
201327337 46.15961535 0 
201327365 59.48235515 0 
201327366 1.226019 0 
201327387 68.71836495 0 
201327435 16.32648635 0 
201327560 55.39562515 0 
201327692 32.7755746 0 
201327727 48.1008121 0 
201327794 18.16551485 0 
201327813 48.24384765 0 
201327928 63.7938553 0 
201327936 27.03371895 0 
201327947 59.44148785 0 
201328142 33.6337879 0 
201328235 50.5937174 0 
201328292 53.4135611 0 
201328324 64.0799264 0 
201328448 39.57998005 0 
201328592 7.4378486 0 
201328707 49.7355041 0 
201328762 63.4260496 0 
201328927 42.1750536 0 
201328954 40.80599905 0 
201328967 69.9239503 0 
201328977 59.1349831 0 
201329047 1.00124885 0 
201329114 63.56908515 0 
201329167 51.02282405 0 
201329320 33.69508885 0 
201329493 45.58747315 0 
201329557 35.12544435 0 
201329561 59.03281485 0 
201329578 64.7338032 0 
201329742 64.30469655 0 
201329765 51.2475942 0 
201329798 48.97945905 0 
201329908 48.32558225 0 
201329943 0.96038155 0 
201329986 34.22636375 0 
201330013 13.13883695 0 
201330075 1.1851517 0 
201330214 50.8797885 0 
201330215 41.58247775 0 
201330307 47.6104045 0 
201330312 34.328532 0 
201330363 61.5461538 0 
201330398 26.54331135 0 
201330402 49.7355041 0 
201330546 2.9015783 0 
201330563 26.21637295 0 
201330638 65.85765395 0 
201330778 35.00284245 0 
201330857 49.06119365 0 
201330877 41.0307692 0 
201330892 37.49574775 0 
201330895 0.75604505 0 
201330908 51.7380018 0 
201330992 64.4885994 0 
201331010 2.59507355 0 
201331022 13.42490805 0 
201331052 59.0532485 0 
201331063 65.2650781 0 
201331084 47.4878026 0 
201331157 2.4929053 0 
201331183 21.1283941 0 
201331194 51.8197364 0 
201331341 31.2226172 0 
201331438 58.031566 0 
201331505 34.26723105 0 
201331637 56.8872816 0 
201331757 51.6153999 0 
201331771 32.5303708 0 
201331777 16.755593 0 
201332108 29.3427214 0 
201332112 50.40981455 0 
201332156 59.03281485 0 
201332183 68.75923225 0 
201332321 10.48246245 0 
201332328 0.9399479 0 
201332364 2.4929053 0 
201332392 30.9365461 0 
201332432 56.78511335 0 
201332443 30.58917405 0 
201332545 57.64332665 0 
201332571 60.4018694 0 
201332578 36.2084278 0 
201332640 39.1917407 0 
201332643 36.10625955 0 
201332656 51.88103735 0 
201332705 16.28561905 0 
201332723 47.14043055 0 
201332823 51.6153999 0 
201332836 48.1825467 0 
201332868 56.4786086 0 
201332982 38.23135915 0 
201332987 45.58747315 0 
201333049 2.043365 0 
201333089 55.31389055 0 
201333112 52.65751605 0 
201333121 63.60995245 0 
201333131 42.39982375 0 
201333141 55.92690005 0 
201333210 61.2192154 0 
201333279 65.4694146 0 
201333353 63.0991112 0 
201333466 10.07378945 0 
201333477 16.1017162 0 
201333480 25.4603279 0 
201333506 69.49484365 0 
201333598 62.79260645 0 
201333670 2.18640055 0 
201333739 46.7930585 0 
201333748 36.7397027 0 
201333838 16.5921238 0 
201333860 49.22466285 0 
201333877 50.1441771 0 
201334069 50.6345847 0 
201334131 55.96776735 0 
201334251 50.77762025 0 
201334298 59.15541675 0 
201334300 12.7914649 0 
201334333 52.49404685 0 
201334369 33.20468125 0 
201334372 65.6737511 0 
201334591 43.6871437 0 
201334629 57.0098835 0 
201334674 16.755593 0 
201334714 36.6988354 0 
201334731 1.4303555 0 
201334770 23.4986975 0 
201334810 60.1566656 0 
201334894 33.7972571 0 
201334984 62.71087185 0 
201335004 30.18050105 0 
201335257 61.68918935 0 
201335436 28.75014555 0 
201335609 46.1391817 0 
201335712 18.8806926 0 
201335717 25.31729235 0 
201335782 38.35396105 0 
201335842 52.6370824 0 
201335856 40.15212225 0 
201335955 1.4712228 0 
201336104 61.2192154 0 
201336135 61.6278884 0 
201336218 2.79941005 0 
201336255 28.6888446 0 
201336263 29.77182805 0 
201336337 60.074931 0 
201336487 57.27552095 0 
201336581 59.97276275 0 
201336648 59.15541675 0 
201336728 0.9808152 0 
201336744 29.03621665 0 
201336818 32.67340635 0 
201336833 62.6495709 0 
201337020 49.71507045 0 
201337050 67.2675758 0 
201337101 0.817346 0 
201337112 5.70098835 0 
201337146 32.9799111 0 
201337257 5.5170855 0 
201337266 68.26882465 0 
201337398 6.0483604 0 
201337455 63.4669169 0 
201337538 56.6012105 0 
201337826 32.63253905 0 
201337904 56.98944985 0 
201337918 66.5728317 0 
201337945 11.034171 0 
201337966 22.98785625 0 
201338001 58.09286695 0 
201338032 43.58497545 0 
201338088 56.82598065 0 
201338188 0.8582133 0 
201338232 33.4703187 0 
201338247 30.46657215 0 
201338280 29.48575695 0 
201338283 56.78511335 0 
201338300 52.3918786 0 
201338306 0.5312749 0 
201338342 64.6520686 0 
201338379 57.9906987 0 
201338431 66.30719425 0 
201338448 12.07628715 0 
201338496 30.4870058 0 
201338508 24.90861935 0 
201338710 24.25474255 0 
201338738 3.53502145 0 
201338814 44.7496935 0 
201338833 29.5061906 0 
201338876 61.44398555 0 
201338953 58.031566 0 
201338981 29.6696598 0 
201339008 33.5929206 0 
201339067 58.6037082 0 
201339075 31.07958165 0 
201339167 54.353509 0 
201339301 32.5303708 0 
201339324 38.14962455 0 
201339427 41.6029114 0 
201339432 57.11205175 0 
201339447 36.26972875 0 
201339463 48.4686178 0 
201339551 35.6771529 0 
201339560 35.45238275 0 
201339675 46.4252528 0 
201339702 66.1232914 0 
201339783 0.5312749 0 
201339786 39.17130705 0 
201339787 40.47906065 0 
201339814 52.3918786 0 
201340016 50.7163193 0 
201340084 9.1134079 0 
201340144 32.75514095 0 
201340150 48.1825467 0 
201340161 38.7422004 0 
201340202 60.1975329 0 
201340219 2.7789764 0 
201340231 66.63413265 0 
201340301 31.32478545 0 
201340473 15.0391664 0 
201340496 37.25054395 0 
201340536 58.41980535 0 
201340553 59.85016085 0 
201340621 59.80929355 0 
201340627 28.58667635 0 
201340642 41.58247775 0 
201340678 43.09456785 0 
201340708 24.0708397 0 
201340731 30.8139442 0 
201340742 58.05199965 0 
201340817 25.0516549 0 
201340840 31.9582286 0 
201340850 33.57248695 0 
201340913 61.73005665 0 
201340916 50.5528501 0 
201341005 12.9958014 0 
201341007 55.4977934 0 
201341085 54.57827915 0 
201341109 47.38563435 0 
201341211 33.44988505 0 
201341418 65.20377715 0 
201341541 65.81678665 0 
201341616 3.78022525 0 
201341761 38.9874042 0 
201341786 56.3151394 0 
201341797 53.1683573 0 
201342168 33.16381395 0 
201342200 18.4311523 0 
201342207 39.94778575 0 
201342342 1.16471805 0 
201342363 49.6946368 0 
201342391 47.14043055 0 
201342399 33.44988505 0 
201342425 0.71517775 0 
201342526 44.8314281 0 
201342647 0.67431045 0 
201342649 55.2525896 0 
201342693 31.81519305 0 
201342703 31.8356267 0 
201342753 55.19128865 0 
201342764 49.63333585 0 
201342778 64.8564051 0 
201342809 52.5962151 0 
201342816 24.7655838 0 
201342981 55.8655991 0 
201342991 61.56658745 0 
201343025 53.1683573 0 
201343032 50.5937174 0 
201343046 55.2934569 0 
201343076 3.00374655 0 
201343087 51.901471 0 
201343245 50.2259117 0 
201343247 42.80849675 0 
201343250 9.13384155 0 
201343259 49.3676984 0 
201343268 64.59076765 0 
201343391 27.97366685 0 
201343465 49.4085657 0 
201343505 48.8772908 0 
201343542 37.98615535 0 
201343549 63.52821785 0 
201343673 48.1416794 0 
201343720 51.06369135 0 
201343727 55.80429815 0 
201343804 42.910665 0 
201343985 37.90442075 0 
201344112 59.93189545 0 
201344120 31.40652005 0 
201344149 68.71836495 0 
201344161 50.00114155 0 
201344270 65.93938855 0 
201344288 34.9006742 0 
201344393 40.9081673 0 
201344417 41.3168403 0 
201344465 37.90442075 0 
201344485 49.2042292 0 
201344589 71.109102 0 
201344593 38.2109255 0 
201344862 40.2134232 0 
201344916 0.817346 0 
201345033 1.1034171 0 
201345036 57.80679585 0 
201345055 56.94858255 0 
201345132 32.95947745 0 
201345180 48.77512255 0 
201345190 44.3818878 0 
201345218 46.7521912 0 
201345264 63.97775815 0 
201345301 49.5720349 0 
201345396 62.935642 0 
201345437 39.86605115 0 
201345439 35.1050107 0 
201345483 36.2084278 0 
201345484 1.5120901 0 
201345486 61.85265855 0 
201345513 16.9190622 0 
201345564 15.8565124 0 
201345607 28.3619062 0 
201345620 48.65252065 0 
201345628 30.6096077 0 
201345632 40.1316886 0 
201345648 24.99035395 0 
201345679 5.6805547 0 
201345754 65.6328838 0 
201345782 32.2034324 0 
201345928 61.9139595 0 
201345945 10.64593165 0 
201345994 63.752988 0 
201346014 64.01862545 0 
201346019 46.15961535 0 
201346073 23.4169629 0 
201346099 55.64082895 0 
201346179 2.2068342 0 
201346228 56.25383845 0 
201346293 66.9815047 0 
201346348 29.0566503 0 
201346503 37.2709776 0 
201346523 18.90112625 0 
201346542 17.79770915 0 
201346615 43.87104655 0 
201346653 67.12454025 0 
201346721 30.8956788 0 
201346728 45.6079068 0 
201346729 40.72426445 0 
201346792 63.81428895 0 
201346811 0.96038155 0 
201346845 49.30639745 0 
201346923 50.24634535 0 
201346984 30.6913423 0 
201346986 61.8322249 0 
201346990 15.99954795 0 
201346998 48.1416794 0 
201347048 35.554551 0 
201347065 2.06379865 0 
201347066 37.41401315 0 
201347108 69.69918015 0 
201347129 30.9365461 0 
201347161 66.06199045 0 
201347260 37.2709776 0 
201347345 34.2876647 0 
201347458 42.07288535 0 
201347477 41.7255133 0 
201347506 60.62663955 0 
201347523 33.08207935 0 
201347536 66.5319644 0 
201347551 62.09786235 0 
201347606 50.7571866 0 
201347684 66.02112315 0 
201347769 42.19548725 0 
201347873 1.69599295 0 
201347882 35.37064815 0 
201347899 60.9331443 0 
201347904 27.789764 0 
201347934 1.90032945 0 
201347993 62.46566805 0 
201348123 14.24225405 0 
201348150 64.3251302 0 
201348151 2.2885688 0 
201348153 64.7338032 0 
201348258 49.9807079 0 
201348282 32.7755746 0 
201348285 0.7764787 0 
201348290 56.21297115 0 
201348296 53.0866227 0 
201348349 1.98206405 0 
201348384 61.28051635 0 
201348406 1.40992185 0 
201348435 31.3043518 0 
201348436 63.4260496 0 
201348491 17.83857645 0 
201348551 7.0291756 0 
201348711 48.4686178 0 
201348759 42.68589485 0 
201348909 16.48995555 0 
201348922 30.6913423 0 
201348937 1.7572939 0 
201348966 65.24464445 0 
201349010 10.60506435 0 
201349014 5.53751915 0 
201349077 1.4712228 0 
201349107 38.39482835 0 
201349255 3.53502145 0 
201349314 59.60495705 0 
201349326 32.10126415 0 
201349336 40.4994943 0 
201349382 9.0316733 0 
201349390 29.4653233 0 
201349420 13.30230615 0 
201349443 60.42230305 0 
201349516 42.6654612 0 
201349707 9.4812136 0 
201349737 22.25224485 0 
201349751 39.3552099 0 
201349761 4.495403 0 
201350009 41.90941615 0 
201350037 49.5311676 0 
201350047 31.28391815 0 
201350057 57.5002911 0 
201350069 40.0090867 0 
201350076 12.1784554 0 
201350077 26.9315507 0 
201350091 33.24554855 0 
201350107 53.2092246 0 
201350121 19.43240115 0 
201350186 35.49325005 0 
201350210 53.1683573 0 
201350252 60.01363005 0 
201350316 55.0891204 0 
201350469 53.92440235 0 
201350484 52.24884305 0 
201350504 33.57248695 0 
201350535 67.0632393 0 
201350623 38.59916485 0 
201350647 46.56828835 0 
201350721 15.2435029 0 
201350744 66.51153075 0 
201350784 4.80190775 0 
201350842 1.98206405 0 
201350849 63.3851823 0 
201350873 38.5787312 0 
201350917 52.45317955 0 
201350969 60.01363005 0 
201351268 17.51163805 0 
201351269 38.9056696 0 
201351312 50.6345847 0 
201351349 31.2226172 0 
201351438 61.4644192 0 
201351474 12.0149862 0 
201351476 63.89602355 0 
201351580 18.4311523 0 
201351677 60.21796655 0 
201351682 54.9256512 0 
201351792 61.28051635 0 
201351798 4.31150015 0 
201351815 2.7381091 0 
201351930 36.55579985 0 
201351951 62.6904382 0 
201352008 42.2567882 0 
201352011 15.8156451 0 
201352021 36.1266932 0 
201352036 49.87853965 0 
201352223 67.431045 0 
201352260 64.8155378 0 
201352264 38.64003215 0 
201352283 61.709623 0 
201352374 62.26133155 0 
201352436 35.28891355 0 
201352441 38.4969966 0 
201352458 41.3168403 0 
201352470 0.6130095 0 
201352588 1.73686025 0 
201352625 36.31059605 0 
201352640 55.84516545 0 
201352648 52.49404685 0 
201352716 66.55239805 0 
201352803 26.13463835 0 
201352847 1.7164266 0 
201352902 40.47906065 0 
201353108 9.3586117 0 
201353195 66.0006895 0 
201353234 63.65081975 0 
201353317 56.4786086 0 
201353323 62.118296 0 
201353325 25.3785933 0 
201353407 40.15212225 0 
201353411 64.1207937 0 
201353434 1.00124885 0 
201353437 57.1324854 0 
201353448 55.06868675 0 
201353483 57.4185565 0 
201353543 32.14213145 0 
201353547 40.31559145 0 
201353609 26.99285165 0 
201353642 57.64332665 0 
201353661 65.1424762 0 
201353681 3.45328685 0 
201353683 57.19378635 0 
201353701 64.7746705 0 
201353703 36.2084278 0 
201353800 49.0816273 0 
201353836 55.579528 0 
201353897 3.04461385 0 
201353976 34.9824088 0 
201353999 35.94279035 0 
201354028 14.65092705 0 
201354131 66.67499995 0 
201354200 48.69338795 0 
201354201 49.75593775 0 
201354211 32.75514095 0 
201354247 53.4952957 0 
201354258 48.28471495 0 
201354264 48.9998927 0 
201354365 28.91361475 0 
201354369 65.38768 0 
201354416 7.82608795 0 
201354547 36.4944989 0 
201354604 57.21422 0 
201354641 34.47156755 0 
201354664 27.8306313 0 
201354702 52.16710845 0 
201354707 8.9090714 0 
201354708 1.4303555 0 
201354795 54.16960615 0 
201354810 1.77772755 0 
201354841 50.16461075 0 
201354844 1.73686025 0 
201354845 60.1157983 0 
201354863 14.1400858 0 
201354870 52.69838335 0 
201354965 67.1449739 0 
201355092 1.3077536 0 
201355107 68.2892583 0 
201355124 54.1491725 0 
201355138 27.3402237 0 
201355192 11.70848145 0 
201355358 1.04211615 0 
201355409 46.0165798 0 
201355435 34.0833282 0 
201355454 59.2167177 0 
201355564 41.8889825 0 
201355672 42.07288535 0 
201355678 12.15802175 0 
201355797 53.27052555 0 
201355807 66.0415568 0 
201355810 34.2467974 0 
201355888 65.7554857 0 
201355891 57.76592855 0 
201355934 63.9981918 0 
201355975 30.95697975 0 
201355984 58.01113235 0 
201356012 32.2034324 0 
201356035 19.47326845 0 
201356060 50.675452 0 
201356081 47.9782102 0 
201356089 37.597916 0 
201356100 35.98365765 0 
201356104 63.3034477 0 
201356126 1.61425835 0 
201356182 39.82518385 0 
201356201 48.89772445 0 
201356219 48.223414 0 
201356243 57.56159205 0 
201356348 47.3652007 0 
201356438 45.8122433 0 
201356471 48.81598985 0 
201356548 39.13043975 0 
201356556 12.85276585 0 
201356562 24.29560985 0 
201356573 64.95857335 0 
201356578 60.8105424 0 
201356601 1.9616304 0 
201356648 24.90861935 0 
201356704 19.1258964 0 
201356737 34.0015936 0 
201356778 36.3310297 0 
201356806 48.16211305 0 
201356897 35.3502145 0 
201356913 58.37893805 0 
201356916 46.44568645 0 
201356997 33.7972571 0 
201357016 51.14542595 0 
201357092 62.3634998 0 
201357118 3.5554551 0 
201357131 36.1675605 0 
201357169 56.21297115 0 
201357179 57.0098835 0 
201357184 39.2734753 0 
201357252 67.2267085 0 
201357268 57.3368219 0 
201357278 41.90941615 0 
201357301 52.69838335 0 
201357380 46.15961535 0 
201357423 1.32818725 0 
201357467 57.622893 0 
201357471 13.67011185 0 
201357472 20.43365 0 
201357496 44.03451575 0 
201357547 53.80180045 0 
201357556 59.7888599 0 
201357594 62.6495709 0 
201357663 29.1792522 0 
201357773 23.1717591 0 
201357810 15.83607875 0 
201357822 66.3276279 0 
201358033 11.6471805 0 
201358068 51.1249923 0 
201358149 51.51323165 0 
201358180 18.53332055 0 
201358187 61.19878175 0 
201358318 46.65002295 0 
201358364 51.59496625 0 
201358396 36.1675605 0 
201358431 57.4185565 0 
201358456 63.5895188 0 
201358504 36.67840175 0 
201358515 32.2034324 0 
201358519 2.5746399 0 
201358540 55.68169625 0 
201358564 67.86015165 0 
201358602 53.88353505 0 
201358613 49.67420315 0 
201358655 63.28301405 0 
201358683 50.40981455 0 
201358687 38.19049185 0 
201358929 67.4719123 0 
201358931 64.30469655 0 
201358977 61.4235519 0 
201358979 1.24645265 0 
201359041 50.5528501 0 
201359057 49.5311676 0 
201359079 51.2884615 0 
201359101 9.9307539 0 
201359108 8.4186638 0 
201359129 34.328532 0 
201359143 48.5503524 0 
201359149 66.0415568 0 
201359184 52.98445445 0 
201359236 22.6404842 0 
201359242 31.07958165 0 
201359364 14.36485595 0 
201359371 57.35725555 0 
201359377 14.32398865 0 
201359433 50.24634535 0 
201359542 19.5345694 0 
201359565 37.41401315 0 
201359574 61.0148789 0 
201359581 4.1275973 0 
201359587 57.15291905 0 
201359715 42.3385228 0 
201359834 28.05540145 0 
201359870 65.4285473 0 
201359897 63.1808458 0 
201359945 56.58077685 0 
201359950 63.52821785 0 
201359969 68.2892583 0 
201360047 5.5988201 0 
201360083 51.96277195 0 
201360186 33.89942535 0 
201360228 56.98944985 0 
201360246 50.32807995 0 
201360254 39.13043975 0 
201360359 58.46067265 0 
201360435 0.7764787 0 
201360447 56.00863465 0 
201360506 52.57578145 0 
201360607 36.8214373 0 
201360719 58.031566 0 
201360787 5.1084125 0 
201360799 70.59826075 0 
201360856 48.223414 0 
201360858 54.4352436 0 
201360889 30.7322096 0 
201360934 42.76762945 0 
201361024 48.8364235 0 
201361026 26.46157675 0 
201361095 62.1591633 0 
201361113 33.9607263 0 
201361194 48.85685715 0 
201361246 61.30095 0 
201361260 39.0691388 0 
201361264 56.49904225 0 
201361317 52.33057765 0 
201361339 31.65172385 0 
201361404 61.52572015 0 
201361408 34.88024055 0 
201361450 57.8680968 0 
201361458 55.68169625 0 
201361509 52.2284094 0 
201361545 17.5320717 0 
201361574 28.21887065 0 
201361576 54.1900398 0 
201361695 27.8714986 0 
201361777 66.42979615 0 
201361778 19.88194145 0 
201361857 45.0766319 0 
201361875 33.0207784 0 
201361991 17.75684185 0 
201362057 63.0582439 0 
201362076 54.1491725 0 
201362125 30.0783328 0 
201362181 48.03951115 0 
201362235 60.9740116 0 
201362310 63.8755899 0 
201362329 35.32978085 0 
201362405 26.13463835 0 
201362504 48.93859175 0 
201362550 52.69838335 0 
201362552 42.4611247 0 
201362561 42.8697977 0 
201362579 55.27302325 0 
201362786 51.02282405 0 
201362813 51.7380018 0 
201362839 15.55000765 0 
201362882 30.4052712 0 
201362970 63.89602355 0 
201362996 38.7830677 0 
201363046 41.78681425 0 
201363197 4.59757125 0 
201363234 32.34646795 0 
201363329 48.61165335 0 
201363335 49.3268311 0 
201363339 50.8797885 0 
201363361 49.6946368 0 
201363365 57.2959546 0 
201363439 32.4077689 0 
201363443 26.7680815 0 
201363509 58.8897793 0 
201363557 51.901471 0 
201363588 32.3260343 0 
201363635 66.34806155 0 
201363639 26.21637295 0 
201363650 23.5804321 0 
201363657 50.5119828 0 
201363674 3.61675605 0 
201363707 46.20048265 0 
201363761 35.94279035 0 
201363789 49.18379555 0 
201363842 64.8155378 0 
201363889 48.9998927 0 
201364006 58.1133006 0 
201364039 1.7164266 0 
201364043 61.56658745 0 
201364055 56.6829451 0 
201364070 20.43365 0 
201364105 36.80100365 0 
201364172 46.3435182 0 
201364218 64.570334 0 
201364424 62.3634998 0 
201364426 36.4944989 0 
201364450 31.77432575 0 
201364463 2.14553325 0 
201364604 47.406068 0 
201364662 24.37734445 0 
201364678 57.64332665 0 
201364729 59.5845234 0 
201364747 20.842323 0 
201364753 16.1017162 0 
201364778 57.7863622 0 
201364799 35.7180202 0 
201364818 49.2859638 0 
201364846 1.5938247 0 
201364858 60.7288078 0 
201364875 48.61165335 0 
201365056 65.7554857 0 
201365060 59.5027888 0 
201365143 51.51323165 0 
201365202 51.71756815 0 
201365210 49.6129022 0 
201365216 56.17210385 0 
201365252 57.47985745 0 
201365287 51.0023904 0 
201365293 65.1016089 0 
201365301 64.4477321 0 
201365335 47.71257275 0 
201365408 2.0842323 0 
201365451 55.10955405 0 
201365667 11.8106497 0 
201365697 48.3051486 0 
201365699 67.41061135 0 
201365736 39.37564355 0 
201365841 63.6712534 0 
201365885 62.7721728 0 
201366029 38.55829755 0 
201366041 66.613699 0 
201366042 49.9398406 0 
201366048 41.33727395 0 
201366070 27.03371895 0 
201366105 63.3034477 0 
201366147 30.79351055 0 
201366158 33.7972571 0 
201366196 38.68089945 0 
201366267 8.3369292 0 
201366342 55.64082895 0 
201366352 49.59246855 0 
201366442 38.006589 0 
201366464 34.55330215 0 
201366465 3.2285167 0 
201366523 3.61675605 0 
201366540 49.42899935 0 
201366542 46.03701345 0 
201366584 26.74764785 0 
201366648 27.93279955 0 
201366652 12.19888905 0 
201366653 60.21796655 0 
201366684 58.9715139 0 
201366822 15.8565124 0 
201366836 35.37064815 0 
201366884 58.2767698 0 
201366904 40.5812289 0 
201366962 49.34726475 0 
201366994 0.55170855 0 
201366995 26.6454796 0 
201366999 47.5695372 0 
201367021 47.42650165 0 
201367065 34.9415415 0 
201367154 40.5812289 0 
201367243 23.0082899 0 
201367475 1.0216825 0 
201367487 49.34726475 0 
201367531 27.03371895 0 
201367558 49.6129022 0 
201367566 1.04211615 0 
201367576 53.88353505 0 
201367577 33.8789917 0 
201367616 47.2834661 0 
201367626 44.8722954 0 
201367628 62.935642 0 
201367667 31.3860864 0 
201367680 4.3728011 0 
201367694 37.78181885 0 
201367817 51.96277195 0 
201367841 39.9273521 0 
201367897 41.05120285 0 
201367903 42.60416025 0 
201367930 44.68839255 0 
201368007 32.87774285 0 
201368130 31.6312902 0 
201368143 15.3661048 0 
201368268 63.65081975 0 
201368297 31.89692765 0 
201368337 33.2251149 0 
201368355 36.5353662 0 
201368398 66.9406374 0 
201368416 65.57158285 0 
201368420 48.73425525 0 
201368483 0.87864695 0 
201368515 51.2475942 0 
201368547 57.3776892 0 
201368655 63.9573245 0 
201368666 44.3001532 0 
201368687 49.30639745 0 
201368694 37.6796506 0 
201368720 67.32887675 0 
201368722 67.28800945 0 
201368840 23.27392735 0 
201368842 16.3877873 0 
201368891 44.44318875 0 
201368925 34.8189396 0 
201368935 39.8456175 0 
201369198 14.3444223 0 
201369204 59.15541675 0 
201369243 66.2458933 0 
201369251 35.32978085 0 
201369307 60.74924145 0 
201369333 4.96537695 0 
201369368 15.4887067 0 
201369434 51.96277195 0 
201369459 32.9390438 0 
201369546 60.074931 0 
201369674 61.709623 0 
201369762 60.09536465 0 
201369817 49.10206095 0 
201369836 63.344315 0 
201369839 36.59666715 0 
201369860 20.57668555 0 
201369919 34.0424609 0 
201369936 34.2876647 0 
201369983 53.51572935 0 
201370135 17.0825314 0 
201370274 63.36474865 0 
201370315 32.10126415 0 
201370375 55.31389055 0 
201370435 55.3751915 0 
201370474 0.6538768 0 
201370527 36.5762335 0 
201370603 0.6538768 0 
201370664 58.78761105 0 
201370721 47.22216515 0 
201370729 29.81269535 0 
201370768 42.5428593 0 
201370774 19.71847225 0 
201370789 33.85855805 0 
201370923 63.16041215 0 
201370941 39.5595464 0 
201370968 53.84266775 0 
201370974 57.72506125 0 
201370988 55.35475785 0 
201371018 65.98025585 0 
201371050 40.3768924 0 
201371058 11.70848145 0 
201371218 23.68260035 0 
201371260 2.59507355 0 
201371288 55.88603275 0 
201371295 52.718817 0 
201371362 4.08673 0 
201371387 56.5194759 0 
201371436 20.7605884 0 
201371447 41.58247775 0 
201371519 1.24645265 0 
201371698 55.2934569 0 
201371716 59.40062055 0 
201371754 59.48235515 0 
201371774 42.9923996 0 
201371784 1.1442844 0 
201371842 52.6370824 0 
201371849 41.275973 0 
201371919 17.30730155 0 
201371923 63.5895188 0 
201372002 3.7189243 0 
201372026 33.16381395 0 
201372076 36.96447285 0 
201372079 48.3460159 0 
201372191 60.0340637 0 
201372213 7.98955715 0 
201372216 64.63163495 0 
201372271 63.73255435 0 
201372313 1.28731995 0 
201372401 50.32807995 0 
201372403 64.5294667 0 
201372474 49.6129022 0 
201372516 49.42899935 0 
201372517 63.7938553 0 
201372531 23.5804321 0 
201372562 35.00284245 0 
201372656 67.5945142 0 
201372671 31.7130248 0 
201372693 29.2201195 0 
201372709 56.1516702 0 
201372757 55.06868675 0 
201372802 32.22386605 0 
201372805 59.9523291 0 
201372972 1.1851517 0 
201373073 44.3818878 0 
201373150 0.75604505 0 
201373154 39.00783785 0 
201373267 2.2477015 0 
201373268 55.68169625 0 
201373301 32.63253905 0 
201373324 30.5687404 0 
201373327 50.36894725 0 
201373330 5.16971345 0 
201373353 28.2801716 0 
201373394 31.81519305 0 
201373411 27.4628256 0 
201373425 48.65252065 0 
201373461 32.75514095 0 
201373501 28.2393043 0 
201373509 32.1625651 0 
201373523 58.05199965 0 
201373554 49.22466285 0 
201373636 65.40811365 0 
201373677 22.70178515 0 
201373686 18.12464755 0 
201373726 1.5938247 0 
201373822 13.8540147 0 
201373864 54.49654455 0 
201373893 65.20377715 0 
201373894 49.8172387 0 
201373903 59.7888599 0 
201373992 58.7671774 0 
201374021 55.19128865 0 
201374034 49.5311676 0 
201374068 51.492798 0 
201374087 56.7646797 0 
201374125 51.02282405 0 
201374173 31.7130248 0 
201374242 34.51243485 0 
201374294 25.9507355 0 
201374315 55.7429972 0 
201374542 62.26133155 0 
201374602 52.37144495 0 
201374632 41.37814125 0 
201374676 34.14462915 0 
201374713 52.78011795 0 
201374725 53.55659665 0 
201374758 16.4286546 0 
201374778 39.8456175 0 
201374985 49.8172387 0 
201375034 33.98115995 0 
201375042 23.02872355 0 
201375063 0.63344315 0 
201375188 54.762182 0 
201375212 65.61245015 0 
201375275 49.04076 0 
201375328 22.82438705 0 
201375331 45.6487741 0 
201375452 1.5938247 0 
201375474 49.6946368 0 
201375534 6.5796353 0 
201375540 28.70927825 0 
201375587 3.94369445 0 
201375591 36.9849065 0 
201375593 32.1216978 0 
201375598 17.4912044 0 
201375606 50.04200885 0 
201375654 57.52072475 0 
201375669 33.57248695 0 
201375687 39.49824545 0 
201375718 61.5870211 0 
201375759 9.6038155 0 
201375795 55.3343242 0 
201375874 33.98115995 0 
201375982 61.89352585 0 
201375993 64.2433956 0 
201376009 48.7955562 0 
201376055 69.3518081 0 
201376123 42.1750536 0 
201376127 0.9808152 0 
201376128 53.67919855 0 
201376147 16.44908825 0 
201376162 63.11954485 0 
201376169 52.94358715 0 
201376197 69.12703795 0 
201376249 18.65592245 0 
201376355 52.49404685 0 
201376391 51.10455865 0 
201376419 48.7138216 0 
201376427 12.89363315 0 
201376556 35.2684799 0 
201376680 66.0415568 0 
201376736 33.6746552 0 
201376790 51.084125 0 
201376826 24.90861935 0 
201376829 39.6004137 0 
201376831 55.23215595 0 
201376852 42.3385228 0 
201376865 32.8164419 0 
201376899 30.63004135 0 
201376942 1.40992185 0 
201377021 40.7855654 0 
201377035 6.1709623 0 
201377043 41.25553935 0 
201377069 16.3060527 0 
201377129 57.47985745 0 
201377164 1.98206405 0 
201377225 6.15052865 0 
201377278 33.1433803 0 
201377299 58.91021295 0 
201377310 4.35236745 0 
201377319 15.8565124 0 
201377337 53.72006585 0 
201377379 56.53990955 0 
201377381 40.8264327 0 
201377387 65.32637905 0 
201377415 48.8364235 0 
201377435 17.0416641 0 
201377446 50.3893809 0 
201377448 0.7356114 0 
201377614 65.7554857 0 
201377622 57.2550873 0 
201377668 29.3018541 0 
201377675 45.8939779 0 
201377720 24.37734445 0 
201377722 45.87354425 0 
201377726 33.81769075 0 
201377737 32.79600825 0 
201377832 0.91951425 0 
201377844 50.04200885 0 
201377854 58.82847835 0 
201377858 65.57158285 0 
201377860 49.63333585 0 
201377900 62.79260645 0 
201377912 11.6471805 0 
201377917 56.5603432 0 
201378021 61.81179125 0 
201378034 64.59076765 0 
201378055 35.16631165 0 
201378081 1.49165645 0 
201378112 47.9373429 0 
201378148 23.7439013 0 
201378171 35.2684799 0 
201378287 53.9857033 0 
201378302 18.69678975 0 
201378350 51.084125 0 
201378355 29.0975176 0 
201378369 63.0991112 0 
201378378 5.90532485 0 
201378424 35.1867453 0 
201378428 33.32728315 0 
201378443 64.67250225 0 
201378455 24.33647715 0 
201378484 36.9031719 0 
201378487 61.64832205 0 
201378533 59.9114618 0 
201378601 41.37814125 0 
201378690 48.9181581 0 
201378768 59.4210542 0 
201378802 49.3676984 0 
201378846 40.47906065 0 
201378899 33.53161965 0 
201378928 61.0557462 0 
201378954 12.52582745 0 
201378961 10.7072326 0 
201378963 56.6012105 0 
201379022 43.5645418 0 
201379047 47.9782102 0 
201379053 53.2092246 0 
201379063 60.3610021 0 
201379069 56.8464143 0 
201379101 33.8789917 0 
201379113 21.68010265 0 
201379131 37.189243 0 
201379144 36.76013635 0 
201379171 50.45068185 0 
201379240 40.51992795 0 
201379300 41.9298498 0 
201379322 32.87774285 0 
201379361 32.69384 0 
201379432 12.36235825 0 
201379453 34.63503675 0 
201379473 46.15961535 0 
201379496 33.3885841 0 
201379694 14.9982991 0 
201379723 34.0424609 0 
201379735 36.9031719 0 
201379738 63.56908515 0 
201379809 36.78057 0 
201379895 68.5344621 0 
201379919 30.8139442 0 
201379946 37.8022525 0 
201379966 68.47316115 0 
201380047 40.2542905 0 
201380146 5.0675452 0 
201380211 60.8105424 0 
201380234 0.63344315 0 
201380235 35.20717895 0 
201380251 23.6212994 0 
201380321 43.6871437 0 
201380381 59.44148785 0 
201380575 53.7813668 0 
201380586 1.6755593 0 
201380677 53.4135611 0 
201380688 27.6671621 0 
201380693 37.9657217 0 
201380816 56.74424605 0 
201380826 57.92939775 0 
201380878 14.28312135 0 
201380932 47.18129785 0 
201380953 36.6579681 0 
201380992 54.12873885 0 
201381041 59.31888595 0 
201381173 46.7521912 0 
201381182 49.6537695 0 
201381195 1.81859485 0 
201381267 59.60495705 0 
201381360 1.81859485 0 
201381405 59.8297272 0 
201381449 1.8390285 0 
201381458 56.7238124 0 
201381574 42.501992 0 
201381586 40.4994943 0 
201381601 53.7404995 0 
201381690 35.86105575 0 
201381763 2.3294361 0 
201381807 62.4452344 0 
201381825 29.48575695 0 
201381836 18.798958 0 
201381854 38.31309375 0 
201381919 33.65422155 0 
201381947 66.0824241 0 
201381989 35.145878 0 
201382245 9.4812136 0 
201382254 38.31309375 0 
201382265 49.8989733 0 
201382301 9.6446828 0 
201382368 40.02952035 0 
201382369 31.61085655 0 
201382377 36.14712685 0 
201382417 4.55670395 0 
201382484 2.6155072 0 
201382554 37.45488045 0 
201382678 64.79510415 0 
201382775 48.8772908 0 
201382782 1.28731995 0 
201382794 24.74515015 0 
201382815 9.4403463 0 
201382831 31.3452191 0 
201382839 58.21546885 0 
201382874 64.34556385 0 
201382879 37.5161814 0 
201382958 2.5337726 0 
201383064 46.40481915 0 
201383083 47.6921391 0 
201383088 33.3477168 0 
201383138 34.5737358 0 
201383158 23.11045815 0 
201383167 50.9615231 0 
201383222 68.75923225 0 
201383263 55.2934569 0 
201383362 57.5820257 0 
201383399 52.3918786 0 
201383453 1.94119675 0 
201383470 44.11625035 0 
201383482 30.8956788 0 
201383500 51.8197364 0 
201383524 36.22886145 0 
201383560 1.5529574 0 
201383585 34.5737358 0 
201383621 28.3619062 0 
201383648 2.75854275 0 
201383676 15.14133465 0 
201383698 59.60495705 0 
201383702 65.6737511 0 
201383768 64.8972724 0 
201383824 51.3293288 0 
201383892 64.3659975 0 
201383902 18.32898405 0 
201383912 46.7930585 0 
201383952 41.6029114 0 
201383978 60.4427367 0 
201383999 55.6612626 0 
201384038 16.04041525 0 
201384077 48.57078605 0 
201384087 10.23725865 0 
201384210 62.3634998 0 
201384214 36.51493255 0 
201384232 35.00284245 0 
201384240 50.85935485 0 
201384269 57.1733527 0 
201384279 57.3368219 0 
201384292 60.892277 0 
201384329 21.4553325 0 
201384389 33.77682345 0 
201384398 0.817346 0 
201384506 53.6178976 0 
201384544 37.33227855 0 
201384575 59.40062055 0 
201384631 59.5845234 0 
201384666 41.1125038 0 
201384695 64.6520686 0 
201384723 1.49165645 0 
201384755 33.8789917 0 
201384776 59.1349831 0 
201384798 39.41651085 0 
201384846 0.817346 0 
201384867 49.3268311 0 
201384889 34.1241955 0 
201384894 32.1216978 0 
201384955 63.9573245 0 
201385038 41.9298498 0 
201385041 62.4861017 0 
201385069 61.68918935 0 
201385100 60.892277 0 
201385144 58.09286695 0 
201385184 34.1241955 0 
201385200 66.2458933 0 
201385291 59.5436561 0 
201385544 18.12464755 0 
201385593 51.30889515 0 
201385637 47.50823625 0 
201385658 66.0824241 0 
201385665 2.8198437 0 
201385725 32.30560065 0 
201385833 61.4644192 0 
201385834 59.1349831 0 
201385923 32.50993715 0 
201385938 35.73845385 0 
201385979 63.5077842 0 
201386006 1.7981612 0 
201386014 36.26972875 0 
201386015 34.5737358 0 
201386038 15.8156451 0 
201386064 26.91111705 0 
201386088 43.95278115 0 
201386095 2.26813515 0 
201386119 35.41151545 0 
201386163 1.49165645 0 
201386207 61.9139595 0 
201386297 29.48575695 0 
201386368 5.6805547 0 
201386457 51.6562672 0 
201386532 64.8155378 0 
201386543 51.5336653 0 
201386585 1.6755593 0 
201386598 63.3851823 0 
201386637 64.979007 0 
201386662 40.15212225 0 
201386732 33.81769075 0 
201386768 65.12204255 0 
201386773 65.69418475 0 
201386783 63.1808458 0 
201386790 55.72256355 0 
201386807 33.9607263 0 
201386898 58.0724333 0 
201386906 22.3952804 0 
201386917 3.3919859 0 
201386927 41.33727395 0 
201386961 62.4861017 0 
201386973 54.8847839 0 
201386993 14.65092705 0 
201387051 1.49165645 0 
201387126 58.78761105 0 
201387134 9.7672847 0 
201387169 55.7838645 0 
201387384 49.10206095 0 
201387400 32.50993715 0 
201387427 52.04450655 0 
201387455 56.6012105 0 
201387462 57.5002911 0 
201387472 28.91361475 0 
201387481 36.1675605 0 
201387602 23.0491572 0 
201387679 1.65512565 0 
201387718 54.2309071 0 
201387773 57.5411584 0 
201387781 6.2118296 0 
201387794 43.29890435 0 
201387797 36.67840175 0 
201387819 34.0015936 0 
201387872 34.4511339 0 
201387909 19.10546275 0 
201387934 44.3410205 0 
201387942 47.26303245 0 
201387956 60.074931 0 
201387969 55.02781945 0 
201387975 51.96277195 0 
201387979 34.43070025 0 
201387994 15.1617683 0 
201388000 14.8756972 0 
201388183 67.1041066 0 
201388203 60.21796655 0 
201388219 62.54740265 0 
201388223 49.18379555 0 
201388239 1.1851517 0 
201388402 32.4486362 0 
201388487 36.0858259 0 
201388496 59.5027888 0 
201388529 62.30219885 0 
201388572 4.5771376 0 
201388614 35.3502145 0 
201388677 5.74185565 0 
201388687 26.972418 0 
201388771 62.91520835 0 
201388773 54.1083052 0 
201388819 62.9765093 0 
201388897 52.1058075 0 
201388982 66.0824241 0 
201389104 36.06539225 0 
201389229 61.64832205 0 
201389273 68.657064 0 
201389366 30.241802 0 
201389394 59.1758504 0 
201389413 59.27801865 0 
201389420 56.33557305 0 
201389427 61.1783481 0 
201389456 63.24214675 0 
201389482 47.6512718 0 
201389504 52.5553478 0 
201389611 59.97276275 0 
201389651 37.61834965 0 
201389822 30.3235366 0 
201389857 52.08537385 0 
201390014 66.1232914 0 
201390033 34.63503675 0 
201390074 32.6121054 0 
201390096 47.87604195 0 
201390218 52.82098525 0 
201390220 54.04700425 0 
201390233 1.634692 0 
201390316 59.8297272 0 
201390383 57.9906987 0 
201390396 59.76842625 0 
201390531 33.4703187 0 
201390572 9.1542752 0 
201390581 1.04211615 0 
201390608 10.216825 0 
201390651 61.40311825 0 
201390666 26.6863469 0 
201390700 7.8465216 0 
201390714 50.7571866 0 
201390720 13.99705025 0 
201390757 49.79680505 0 
201390787 35.9223567 0 
201390809 50.5119828 0 
201390855 36.18799415 0 
201390860 29.1792522 0 
201390882 15.50914035 0 
201390958 60.87184335 0 
201391029 65.1424762 0 
201391062 34.83937325 0 
201391064 51.7788691 0 
201391114 36.0449586 0 
201391141 30.63004135 0 
201391143 62.50653535 0 
201391153 62.62913725 0 
201391174 1.0216825 0 
201391187 62.4452344 0 
201391345 2.71767545 0 
201391480 35.7997548 0 
201391497 29.69009345 0 
201391534 30.4052712 0 
201391611 61.93439315 0 
201391616 45.771376 0 
201391671 0.408673 0 
201391679 35.04370975 0 
201391938 39.82518385 0 
201391957 42.4202574 0 
201391988 54.86435025 0 
201392032 51.5336653 0 
201392089 64.0390591 0 
201392125 18.8806926 0 
201392142 1.12385075 0 
201392152 20.37234905 0 
201392217 35.8406221 0 
201392228 36.02452495 0 
201392267 22.66091785 0 
201392345 61.9548268 0 
201392455 52.65751605 0 
201392457 41.684646 0 
201392458 1.98206405 0 
201392509 25.19469045 0 
201392534 50.7980539 0 
201392655 13.71097915 0 
201393022 37.597916 0 
201393037 35.45238275 0 
201393098 60.38143575 0 
201393184 35.4319491 0 
201393241 31.28391815 0 
201393252 4.72017315 0 
201393286 38.39482835 0 
201393293 67.7988507 0 
201393318 59.85016085 0 
201393383 38.06788995 0 
201393444 9.9716212 0 
201393479 49.10206095 0 
201393481 40.7038308 0 
201393485 64.38643115 0 
201393508 39.232608 0 
201393575 22.8448207 0 
201393584 59.0123812 0 
201393600 49.9398406 0 
201393615 63.1399785 0 
201393646 35.1867453 0 
201393692 22.37484675 0 
201393756 3.5145878 0 
201393816 38.19049185 0 
201393825 35.00284245 0 
201393840 56.37644035 0 
201393859 66.92020375 0 
201394029 49.5720349 0 
201394104 4.6588722 0 
201394147 9.2360098 0 
201394179 0.9808152 0 
201394249 63.5895188 0 
201394274 1.53252375 0 
201394298 32.285167 0 
201394302 27.4628256 0 
201394321 23.0082899 0 
201394350 64.01862545 0 
201394380 53.8222341 0 
201394382 60.79010875 0 
201394453 23.96867145 0 
201394467 30.9774134 0 
201394482 60.99444525 0 
201394506 56.5194759 0 
201394563 35.08457705 0 
201394607 49.30639745 0 
201394631 65.53071555 0 
201394634 65.16290985 0 
201394651 41.1125038 0 
201394658 27.56499385 0 
201394679 51.30889515 0 
201394739 45.9757125 0 
201394906 34.4920012 0 
201394936 9.95118755 0 
201394983 29.81269535 0 
201395042 36.9440392 0 
201395061 21.8231382 0 
201395111 38.96697055 0 
201395165 41.01033555 0 
201395169 1.65512565 0 
201395474 60.7696751 0 
201395551 64.99944065 0 
201395584 46.20048265 0 
201395722 57.80679585 0 
201395782 65.40811365 0 
201395829 26.13463835 0 
201395866 64.7338032 0 
201395936 1.73686025 0 
201395943 49.83767235 0 
201395953 18.2268158 0 
201395977 59.2167177 0 
201395998 34.1650628 0 
201396084 31.3452191 0 
201396114 18.20638215 0 
201396344 63.6303861 0 
201396435 17.4094698 0 
201396482 38.4561293 0 
201396583 41.41900855 0 
201396584 1.81859485 0 
201396593 39.86605115 0 
201396601 45.58747315 0 
201396617 52.0240729 0 
201396644 52.98445445 0 
201396740 63.07867755 0 
201396752 10.76853355 0 
201396753 61.1783481 0 
201396767 54.4761109 0 
201396826 34.0424609 0 
201396914 0.8582133 0 
201397075 0.9399479 0 
201397105 30.26223565 0 
201397108 3.65762335 0 
201397162 43.95278115 0 
201397373 36.78057 0 
201397402 35.65671925 0 
201397446 54.49654455 0 
201397480 42.9515323 0 
201397491 11.54501225 0 
201397536 45.87354425 0 
201397682 53.1683573 0 
201397731 36.6579681 0 
201397860 61.44398555 0 
201397887 32.50993715 0 
201397931 59.23715135 0 
201398036 49.0816273 0 
201398102 40.51992795 0 
201398182 62.09786235 0 
201398195 50.00114155 0 
201398207 64.2433956 0 
201398307 58.29720345 0 
201398311 0.91951425 0 
201398345 39.6821483 0 
201398499 63.28301405 0 
201398609 61.28051635 0 
201398637 38.27222645 0 
201398674 37.4344468 0 
201398767 50.1441771 0 
201398809 61.5461538 0 
201398907 34.06289455 0 
201398923 56.78511335 0 
201398942 33.77682345 0 
201399045 66.42979615 0 
201399060 2.3703034 0 
201399162 65.44898095 0 
201399173 19.92280875 0 
201399352 1.81859485 0 
201399471 34.2467974 0 
201399551 28.7705792 0 
201399594 48.48905145 0 
201399619 1.8798958 0 
201399640 54.98695215 0 
201399681 21.5779344 0 
201399745 51.22716055 0 
201399749 31.24305085 0 
201399756 41.70507965 0 
201399763 37.9248544 0 
201399827 0.6130095 0 
