201700041 57.1324854 0 
201700071 47.50823625 0 
201700093 49.67420315 0 
201700096 2.452038 0 
201700186 51.7380018 0 
201700240 11.1567729 0 
201700247 10.8298345 0 
201700253 55.55909435 0 
201700310 54.8030493 0 
201700372 34.8189396 0 
201700544 56.37644035 0 
201700546 5.1901471 0 
201700596 2.6563745 0 
201700605 49.63333585 0 
201700607 56.90771525 0 
201700685 55.19128865 0 
201700697 53.22965825 0 
201700805 49.38813205 0 
201700818 0.8990806 0 
201700832 66.38892885 0 
201700853 50.0215752 0 
201700886 31.36565275 0 
201700909 24.4795127 0 
201700914 44.07538305 0 
201700917 2.75854275 0 
201700919 11.25894115 0 
201700936 57.31638825 0 
201700949 51.5745326 0 
201700966 52.2692767 0 
201700978 15.3252375 0 
201700983 3.1467821 0 
201701017 54.8030493 0 
201701088 61.4644192 0 
201701148 55.02781945 0 
201701218 32.50993715 0 
201701250 48.3460159 0 
201701260 43.99364845 0 
201701295 17.75684185 0 
201701363 11.4019767 0 
201701448 46.36395185 0 
201701486 47.58997085 0 
201701518 59.8297272 0 
201701689 19.0850291 0 
201701692 1.1442844 0 
201701716 1.49165645 0 
201701743 1.81859485 0 
201701753 47.01782865 0 
201701769 5.8848912 0 
201701801 1.1034171 0 
201701818 27.89193225 0 
201701881 53.9857033 0 
201701899 35.6771529 0 
201701916 32.42820255 0 
201701960 60.1566656 0 
201702012 63.7938553 0 
201702134 50.98195675 0 
201702142 56.2742721 0 
201702150 27.31979005 0 
201702163 57.56159205 0 
201702226 30.5278731 0 
201702240 42.72676215 0 
201702257 26.7680815 0 
201702266 64.59076765 0 
201702282 8.97037235 0 
201702302 50.0215752 0 
201702404 52.5144805 0 
201702425 31.6312902 0 
201702442 57.56159205 0 
201702468 56.45817495 0 
201702477 58.9306466 0 
201702522 37.12794205 0 
201702577 2.39073705 0 
201702607 4.904076 0 
201702622 15.83607875 0 
201702635 52.1875421 0 
201702640 60.09536465 0 
201702755 2.2477015 0 
201702771 25.337726 0 
201702775 27.60586115 0 
201702817 26.7272142 0 
201702827 3.6371897 0 
201702867 1.8798958 0 
201702906 58.82847835 0 
201702907 59.2167177 0 
201702936 59.2167177 0 
201702985 1.08298345 0 
201702988 41.0716365 0 
201703016 0.9399479 0 
201703055 4.22976555 0 
201703064 47.71257275 0 
201703080 57.2550873 0 
201703116 3.00374655 0 
201703130 63.69168705 0 
201703135 28.91361475 0 
201703145 22.29311215 0 
201703148 21.10796045 0 
201703173 43.29890435 0 
201703212 3.4737205 0 
201703340 21.2101287 0 
201703402 24.8881857 0 
201703439 41.0307692 0 
201703521 56.6829451 0 
201703553 32.0808305 0 
201703584 55.15042135 0 
201703629 51.67670085 0 
201703634 70.84346455 0 
201703647 3.04461385 0 
201703648 57.8272295 0 
201703683 58.95108025 0 
201703697 25.11295585 0 
201703725 60.91271065 0 
201703753 35.12544435 0 
201703791 34.96197515 0 
201703795 9.46077995 0 
201703812 1.2668863 0 
201703820 26.74764785 0 
201703827 3.78022525 0 
201703851 52.37144495 0 
201703887 50.77762025 0 
201703944 56.6829451 0 
201703954 35.145878 0 
201703970 49.06119365 0 
201704008 20.842323 0 
201704052 61.68918935 0 
201704099 3.33068495 0 
201704137 63.77342165 0 
201704211 56.6420778 0 
201704266 2.3703034 0 
201704297 72.7846613 0 
201704307 41.99115075 0 
201704368 1.12385075 0 
201704449 59.7888599 0 
201704458 39.3552099 0 
201704483 8.64343395 0 
201704529 62.6087036 0 
201704541 58.82847835 0 
201704557 49.6537695 0 
201704568 55.6203953 0 
201704589 55.06868675 0 
201704614 34.9824088 0 
201704618 29.24055315 0 
201704659 48.36644955 0 
201704678 24.00953875 0 
201704712 2.0842323 0 
201704775 1.16471805 0 
201704830 48.632087 0 
201704874 1.90032945 0 
201704916 46.2617836 0 
201704928 54.2309071 0 
201704933 34.1650628 0 
201704950 47.42650165 0 
201704986 31.0182807 0 
201705008 0.8990806 0 
201705012 35.1867453 0 
201705051 55.6612626 0 
201705057 26.4411431 0 
201705070 48.3051486 0 
201705255 56.82598065 0 
201705287 55.88603275 0 
201705355 61.6278884 0 
201705363 55.35475785 0 
201705379 58.66500915 0 
201705395 49.10206095 0 
201705410 52.98445445 0 
201705421 12.8731995 0 
201705435 33.24554855 0 
201705458 43.38063895 0 
201705464 48.16211305 0 
201705467 15.4478394 0 
201705501 62.75173915 0 
201705526 56.9281489 0 
201705532 46.11874805 0 
201705604 1.7572939 0 
201705629 47.05869595 0 
201705706 5.6805547 0 
201705715 1.00124885 0 
201705764 47.406068 0 
201705797 49.67420315 0 
201705818 42.72676215 0 
201705849 24.54081365 0 
201705908 48.0599448 0 
201705914 56.0290683 0 
201705919 50.1441771 0 
201705928 14.7530953 0 
201706055 43.78931195 0 
201706069 55.4160588 0 
201706083 56.9281489 0 
201706086 2.22726785 0 
201706131 24.1525743 0 
201706195 24.6429819 0 
201706224 49.5311676 0 
201706250 41.6437787 0 
201706251 1.85946215 0 
201706310 1.90032945 0 
201706314 40.15212225 0 
201706369 33.94029265 0 
201706456 52.41231225 0 
201706503 30.22136835 0 
201706516 52.718817 0 
201706525 35.3093472 0 
201706563 3.2285167 0 
201706651 4.5362703 0 
201706715 51.1658596 0 
201706716 52.86185255 0 
201706717 55.3751915 0 
201706720 35.5954183 0 
201706763 34.2059301 0 
201706775 56.4786086 0 
201706787 57.43899015 0 
201706797 1.08298345 0 
201706881 45.66920775 0 
201707068 1.90032945 0 
201707086 0.51084125 0 
201707091 52.90271985 0 
201707121 25.1742568 0 
201707145 30.75264325 0 
201707163 57.1324854 0 
201707179 49.4085657 0 
201707249 54.7213147 0 
201707255 40.9081673 0 
201707257 12.7505976 0 
201707299 2.14553325 0 
201707302 3.73935795 0 
201707324 25.80769995 0 
201707330 47.0382623 0 
201707367 48.77512255 0 
201707374 59.15541675 0 
201707483 3.00374655 0 
201707485 3.3919859 0 
201707493 0.96038155 0 
201707525 54.25134075 0 
201707635 49.79680505 0 
201707692 53.8631014 0 
201707710 57.60245935 0 
201707734 55.4160588 0 
201707777 53.80180045 0 
201707843 45.38313665 0 
201707882 7.74435335 0 
201707894 29.1383849 0 
201707938 59.3393196 0 
201707944 54.57827915 0 
201707980 57.15291905 0 
201707990 56.3560067 0 
201707993 49.75593775 0 
201708023 12.40322555 0 
201708042 13.50664265 0 
201708072 28.0758351 0 
201708104 32.69384 0 
201708132 57.97026505 0 
201708161 34.30809835 0 
201708265 54.25134075 0 
201708268 40.39732605 0 
201708272 32.2034324 0 
201708300 0.63344315 0 
201708317 49.2859638 0 
201708413 1.6755593 0 
201708471 54.66001375 0 
201708493 3.678057 0 
201708518 64.4477321 0 
201708539 41.29640665 0 
201708659 57.4185565 0 
201708708 59.31888595 0 
201708721 20.1475789 0 
201708792 21.5779344 0 
201708814 60.58577225 0 
201708822 23.0900245 0 
201708829 45.99614615 0 
201708841 34.9006742 0 
201708898 58.70587645 0 
201708992 30.241802 0 
201709031 58.82847835 0 
201709114 55.4160588 0 
201709134 43.13543515 0 
201709153 49.9807079 0 
201709192 30.09876645 0 
201709289 55.23215595 0 
201709326 58.440239 0 
201709364 57.68419395 0 
201709367 11.42241035 0 
201709396 54.41480995 0 
201709405 54.82348295 0 
201709422 52.8414189 0 
201709424 45.5670395 0 
201709425 17.2868679 0 
201709438 53.7404995 0 
201709494 56.3560067 0 
201709497 57.64332665 0 
201709503 20.82188935 0 
201709506 8.0508581 0 
201709534 32.7347073 0 
201709555 37.7205179 0 
201709562 55.579528 0 
201709575 52.9231535 0 
201709641 56.0699356 0 
201709703 51.4110634 0 
201709724 10.1759577 0 
201709727 56.58077685 0 
201709784 19.06459545 0 
201709790 56.25383845 0 
201709805 1.20558535 0 
201709821 56.37644035 0 
201709839 40.11125495 0 
201709846 1.61425835 0 
201709906 46.7521912 0 
201709989 43.4419399 0 
201710096 34.3693993 0 
201710119 60.2384002 0 
201710122 1.36905455 0 
201710126 43.99364845 0 
201710150 49.0816273 0 
201710184 49.55160125 0 
201710195 17.42990345 0 
201710224 53.9857033 0 
201710236 60.70837415 0 
201710297 49.4085657 0 
201710360 41.0716365 0 
201710388 51.75843545 0 
201710401 57.43899015 0 
201710405 56.45817495 0 
201710411 0.87864695 0 
201710438 16.40822095 0 
201710509 1.24645265 0 
201710668 46.3026509 0 
201710690 7.0700429 0 
201710732 56.04950195 0 
201710758 36.1675605 0 
201710763 17.34816885 0 
201710795 1.8798958 0 
201710846 1.00124885 0 
201710870 27.52412655 0 
201710983 62.935642 0 
201711031 10.7480999 0 
201711058 2.0024977 0 
201711173 52.65751605 0 
201711292 49.79680505 0 
201711317 47.91690925 0 
201711359 36.6988354 0 
201711379 52.78011795 0 
201711386 2.26813515 0 
201711393 30.26223565 0 
201711435 56.53990955 0 
201711500 43.87104655 0 
201711530 14.93699815 0 
201711545 1.9207631 0 
201711550 44.36145415 0 
201711553 32.59167175 0 
201711555 62.7313055 0 
201711578 13.13883695 0 
201711604 4.06629635 0 
201711616 43.8097456 0 
201711622 52.37144495 0 
201711653 2.75854275 0 
201711655 27.31979005 0 
201711732 49.4085657 0 
201711735 42.6245939 0 
201711787 46.24134995 0 
201711833 50.08287615 0 
201711838 61.5461538 0 
201711852 5.6805547 0 
201711864 0.91951425 0 
201711871 59.9114618 0 
201711881 2.4111707 0 
201711885 53.63833125 0 
201712064 30.46657215 0 
201712066 41.05120285 0 
201712071 58.62414185 0 
201712099 49.7355041 0 
201712199 56.7238124 0 
201712206 33.0207784 0 
201712219 54.8439166 0 
201712229 9.46077995 0 
201712235 23.5395648 0 
201712248 0.67431045 0 
201712278 41.50074315 0 
201712293 53.55659665 0 
201712311 59.44148785 0 
201712324 14.48745785 0 
201712332 53.39312745 0 
201712333 21.3327306 0 
201712349 64.7338032 0 
201712354 47.95777655 0 
201712372 1.7164266 0 
201712378 48.8772908 0 
201712387 38.39482835 0 
201712397 51.901471 0 
201712415 19.55500305 0 
201712438 11.4019767 0 
201712440 45.8531106 0 
201712455 55.64082895 0 
201712501 52.49404685 0 
201712517 49.18379555 0 
201712553 1.3077536 0 
201712566 49.10206095 0 
201712609 29.015783 0 
201712611 55.988201 0 
201712640 16.7147257 0 
201712753 47.406068 0 
201712792 25.07208855 0 
201712800 45.4444376 0 
201712801 33.0616457 0 
201712817 0.71517775 0 
201712845 46.7930585 0 
201712859 40.7446981 0 
201712956 30.241802 0 
201712987 30.8956788 0 
201713013 13.22057155 0 
201713058 33.16381395 0 
201713071 29.15881855 0 
201713125 33.00034475 0 
201713200 40.92860095 0 
201713224 2.3294361 0 
201713235 49.79680505 0 
201713253 52.9640208 0 
201713260 31.61085655 0 
201713271 57.622893 0 
201713289 0.91951425 0 
201713290 57.43899015 0 
201713312 62.118296 0 
201713348 36.5353662 0 
201713367 52.49404685 0 
201713404 59.0532485 0 
201713421 57.6637603 0 
201713452 58.58327455 0 
201713495 2.7381091 0 
201713505 30.22136835 0 
201713514 40.5812289 0 
201713542 55.988201 0 
201713619 13.30230615 0 
201713722 57.31638825 0 
201713788 58.2359025 0 
201713862 10.216825 0 
201713915 59.3801869 0 
201714023 47.63083815 0 
201714149 56.41730765 0 
201714152 50.69588565 0 
201714212 28.9340484 0 
201714215 56.53990955 0 
201714225 14.2218204 0 
201714300 52.718817 0 
201714310 48.6729543 0 
201714326 13.54750995 0 
201714383 34.43070025 0 
201714400 55.47735975 0 
201714429 31.77432575 0 
201714459 38.84436865 0 
201714475 56.6829451 0 
201714477 65.9189549 0 
201714480 41.9707171 0 
201714486 14.2626877 0 
201714510 1.0216825 0 
201714528 38.415262 0 
201714552 39.2734753 0 
201714580 52.04450655 0 
201714604 38.4561293 0 
201714605 11.58587955 0 
201714653 62.09786235 0 
201714656 60.05449735 0 
201714659 41.33727395 0 
201714660 54.5987128 0 
201714676 60.7288078 0 
201714703 1.65512565 0 
201714708 10.40072785 0 
201714714 1.85946215 0 
201714803 53.27052555 0 
201714839 22.90612165 0 
201714867 53.47486205 0 
201714886 5.66012105 0 
201714891 50.9206558 0 
201714930 34.71677135 0 
201714961 62.42480075 0 
201714969 60.87184335 0 
201715057 52.5144805 0 
201715116 58.82847835 0 
201715134 30.2826693 0 
201715141 47.54910355 0 
201715142 21.2101287 0 
201715182 4.51583665 0 
201715227 51.4519307 0 
201715262 1.65512565 0 
201715264 34.30809835 0 
201715280 60.0340637 0 
201715284 52.08537385 0 
201715384 59.85016085 0 
201715385 55.2525896 0 
201715388 32.06039685 0 
201715393 48.9590254 0 
201715484 0.63344315 0 
201715503 55.72256355 0 
201715509 55.2117223 0 
201715510 56.45817495 0 
201715592 20.3927827 0 
201715601 12.1375881 0 
201715631 23.02872355 0 
201715632 1.69599295 0 
201715657 42.23635455 0 
201715662 19.59587035 0 
201715736 31.32478545 0 
201715757 63.89602355 0 
201715774 33.7155225 0 
201715866 45.0766319 0 
201715873 5.8031566 0 
201715879 32.46906985 0 
201715917 49.59246855 0 
201715928 60.8514097 0 
201715951 43.62584275 0 
201715952 56.82598065 0 
201715953 54.33307535 0 
201716012 17.18469965 0 
201716039 28.79101285 0 
201716074 60.38143575 0 
201716075 42.19548725 0 
201716091 68.9022678 0 
201716135 54.49654455 0 
201716155 21.14882775 0 
201716205 55.84516545 0 
201716206 49.7763714 0 
201716274 62.83347375 0 
201716284 33.61335425 0 
201716357 39.74344925 0 
201716389 60.4427367 0 
201716395 45.54660585 0 
201716463 58.58327455 0 
201716499 53.5770303 0 
201716552 58.91021295 0 
201716616 27.89193225 0 
201716635 17.59337265 0 
201716649 2.452038 0 
201716698 17.22556695 0 
201716715 49.02032635 0 
201716725 18.24724945 0 
201716751 51.2884615 0 
201716796 66.1641587 0 
201716803 28.8114465 0 
201716826 1.28731995 0 
201716848 51.7380018 0 
201716883 0.55170855 0 
201716904 53.67919855 0 
201716907 51.18629325 0 
201716966 53.7813668 0 
201717028 51.7380018 0 
201717050 57.7046276 0 
201717111 55.8247318 0 
201717159 33.57248695 0 
201717181 20.9649249 0 
201717208 25.0925222 0 
201717274 49.1633619 0 
201717295 30.6096077 0 
201717310 1.3486209 0 
201717312 30.9365461 0 
201717333 0.79691235 0 
201717338 1.7572939 0 
201717351 55.4569261 0 
201717369 7.0291756 0 
201717384 53.3318265 0 
201717455 56.00863465 0 
201717467 59.97276275 0 
201717482 24.8473184 0 
201717507 52.04450655 0 
201717525 15.75434415 0 
201717579 58.1133006 0 
201717629 3.5963224 0 
201717672 1.1851517 0 
201717679 30.63004135 0 
201717766 1.7981612 0 
201717783 62.8539074 0 
201717791 12.26019 0 
201717805 24.90861935 0 
201717811 55.55909435 0 
201717893 67.86015165 0 
201717920 50.32807995 0 
201717929 2.39073705 0 
201718021 20.3110481 0 
201718063 56.74424605 0 
201718084 1.45078915 0 
201718097 1.57339105 0 
201718111 16.77602665 0 
201718143 34.88024055 0 
201718186 49.0816273 0 
201718188 56.1516702 0 
201718290 60.21796655 0 
201718343 33.5929206 0 
201718346 51.22716055 0 
201718353 29.60835885 0 
201718366 60.01363005 0 
201718399 45.34226935 0 
201718440 30.2826693 0 
201718454 39.62084735 0 
201718461 30.7730769 0 
201718495 26.5228777 0 
201718538 53.6178976 0 
201718578 17.7772755 0 
201718582 63.4669169 0 
201718585 22.17051025 0 
201718613 52.3510113 0 
201718624 32.63253905 0 
201718632 31.44738735 0 
201718658 19.0441618 0 
201718666 63.11954485 0 
201718673 68.1257891 0 
201718770 32.6121054 0 
201718783 48.1416794 0 
201718797 49.67420315 0 
201718805 59.11454945 0 
201718824 46.89522675 0 
201718826 44.7905608 0 
201718869 24.3977781 0 
201718978 24.8473184 0 
201719038 51.96277195 0 
201719046 53.88353505 0 
201719068 54.94608485 0 
201719071 53.5770303 0 
201719076 47.22216515 0 
201719115 31.467821 0 
201719118 51.1658596 0 
201719172 59.5027888 0 
201719175 58.91021295 0 
201719185 46.03701345 0 
201719246 2.14553325 0 
201719273 54.74174835 0 
201719287 49.67420315 0 
201719298 57.2550873 0 
201719304 48.6729543 0 
201719334 55.55909435 0 
201719337 1.9616304 0 
201719360 56.3560067 0 
201719368 58.7263101 0 
201719448 54.8030493 0 
201719485 30.1600674 0 
201719492 1.5120901 0 
201719552 50.6345847 0 
201719563 49.71507045 0 
201719578 55.9064664 0 
201719610 1.3077536 0 
201719625 61.8730922 0 
201719662 58.58327455 0 
201719671 24.45907905 0 
201719721 61.23964905 0 
201719724 19.207631 0 
201719737 48.89772445 0 
201719759 56.90771525 0 
201719785 24.6429819 0 
201719818 50.3076463 0 
201719833 56.3151394 0 
201719836 0.5312749 0 
201719886 40.60166255 0 
201719949 31.85606035 0 
201719953 7.58088415 0 
201719972 36.4127643 0 
201719979 46.24134995 0 
201719991 46.8339258 0 
201720016 58.440239 0 
201720034 55.579528 0 
201720035 30.4870058 0 
201720072 1.73686025 0 
201720109 51.63583355 0 
201720130 25.5829298 0 
201720151 38.68089945 0 
201720175 11.1567729 0 
201720200 1.69599295 0 
201720207 52.94358715 0 
201720208 19.1258964 0 
201720249 4.63843855 0 
201720307 31.0182807 0 
201720332 53.47486205 0 
201720348 57.2550873 0 
201720401 56.6420778 0 
201720418 56.0699356 0 
201720442 1.8390285 0 
201720463 3.16721575 0 
201720469 47.71257275 0 
201720476 62.34306615 0 
201720527 1.7572939 0 
201720555 46.36395185 0 
201720569 57.64332665 0 
201720583 34.88024055 0 
201720605 40.02952035 0 
201720609 53.6996322 0 
201720650 55.88603275 0 
201720674 50.40981455 0 
201720684 42.6245939 0 
201720727 0.7356114 0 
201720733 42.80849675 0 
201720773 36.26972875 0 
201720881 1.7572939 0 
201720892 55.4977934 0 
201720906 13.26143885 0 
201720907 50.5119828 0 
201720913 2.9424456 0 
201720960 47.814741 0 
201720980 0.8582133 0 
201720987 49.858106 0 
201721005 50.1441771 0 
201721076 19.39153385 0 
201721096 63.48735055 0 
201721101 1.77772755 0 
201721113 61.36225095 0 
201721184 61.85265855 0 
201721199 64.3251302 0 
201721206 46.11874805 0 
201721222 52.20797575 0 
201721263 40.15212225 0 
201721265 56.33557305 0 
201721271 45.7305087 0 
201721280 63.89602355 0 
201721305 33.04121205 0 
201721332 47.8556083 0 
201721333 22.82438705 0 
201721408 57.15291905 0 
201721413 13.13883695 0 
201721440 56.33557305 0 
201721486 51.9832056 0 
201721502 58.46067265 0 
201721570 28.70927825 0 
201721585 59.03281485 0 
201721600 20.3110481 0 
201721622 25.0925222 0 
201721631 18.8398253 0 
201721649 4.39323475 0 
201721664 60.1975329 0 
201721667 15.75434415 0 
201721668 1.2668863 0 
201721699 44.48405605 0 
201721737 53.14792365 0 
201721758 1.04211615 0 
201721792 40.11125495 0 
201721853 1.1442844 0 
201721859 0.59257585 0 
201721861 4.5362703 0 
201721904 60.58577225 0 
201721928 58.031566 0 
201721957 32.8164419 0 
201721963 26.563745 0 
201722009 27.789764 0 
201722031 53.6587649 0 
201722044 49.9398406 0 
201722052 60.87184335 0 
201722090 5.21058075 0 
201722103 1.9207631 0 
201722130 60.6062059 0 
201722139 57.39812285 0 
201722149 34.43070025 0 
201722191 47.7330064 0 
201722204 20.2293135 0 
201722208 52.16710845 0 
201722437 17.7364082 0 
201722438 14.44659055 0 
201722470 35.41151545 0 
201722489 1.1851517 0 
201722536 40.0090867 0 
201722576 58.74674375 0 
201722686 30.650475 0 
201722700 19.92280875 0 
201722715 59.3801869 0 
201722725 47.38563435 0 
201722738 35.0641434 0 
201722751 49.22466285 0 
201722761 52.08537385 0 
201722766 57.27552095 0 
201722789 45.58747315 0 
201722802 27.5854275 0 
201722817 52.718817 0 
201722819 30.9365461 0 
201722849 48.77512255 0 
201722912 4.1275973 0 
201722919 1.49165645 0 
201723031 48.57078605 0 
201723064 50.28721265 0 
201723079 0.63344315 0 
201723089 50.1033098 0 
201723131 57.6637603 0 
201723145 60.91271065 0 
201723170 56.2742721 0 
201723174 31.5495556 0 
201723220 30.46657215 0 
201723271 43.38063895 0 
201723278 38.51743025 0 
201723356 58.1541679 0 
201723433 27.2176218 0 
201723461 48.16211305 0 
201723475 60.892277 0 
201723489 34.737205 0 
201723501 24.78601745 0 
201723541 30.7322096 0 
201723568 47.814741 0 
201723572 48.81598985 0 
201723637 45.26053475 0 
201723647 13.46577535 0 
201723713 7.356114 0 
201723721 40.88773365 0 
201723733 52.65751605 0 
201723760 56.04950195 0 
201723774 52.08537385 0 
201723880 55.8247318 0 
201723927 24.86775205 0 
201723953 38.4561293 0 
201724003 58.440239 0 
201724013 3.61675605 0 
201724056 50.7980539 0 
201724062 21.31229695 0 
201724130 30.42570485 0 
201724137 26.3594085 0 
201724158 55.0891204 0 
201724175 37.4753141 0 
201724186 48.8364235 0 
201724209 49.42899935 0 
201724275 52.8005516 0 
201724315 1.3486209 0 
201724328 35.5136837 0 
201724378 14.1400858 0 
201724398 49.6946368 0 
201724421 46.7113239 0 
201724469 54.762182 0 
201724489 32.6121054 0 
201724501 43.0741342 0 
201724514 1.36905455 0 
201724567 26.4002758 0 
201724584 1.53252375 0 
201724645 3.98456175 0 
201724655 27.72846305 0 
201724658 31.24305085 0 
201724692 58.86934565 0 
201724742 15.50914035 0 
201724799 58.50153995 0 
201724842 45.17880015 0 
201724852 17.10296505 0 
201724947 55.3343242 0 
201724978 59.11454945 0 
201724999 61.44398555 0 
201725034 42.76762945 0 
201725055 62.26133155 0 
201725079 62.42480075 0 
201725111 36.3310297 0 
201725112 7.78522065 0 
201725220 19.1667637 0 
201725319 0.91951425 0 
201725395 53.39312745 0 
201725399 1.8798958 0 
201725408 59.64582435 0 
201725470 50.00114155 0 
201725474 49.51073395 0 
201725577 8.6230003 0 
201725601 26.3594085 0 
201725703 56.0290683 0 
201725731 62.58826995 0 
201725752 37.04620745 0 
201725757 3.86195985 0 
201725850 41.37814125 0 
201725865 52.53491415 0 
201725876 46.4252528 0 
201725925 0.79691235 0 
201725935 13.38404075 0 
201725951 59.80929355 0 
201726020 58.8080447 0 
201726029 20.69928745 0 
201726071 55.23215595 0 
201726080 34.7780723 0 
201726109 60.70837415 0 
201726129 37.189243 0 
201726137 38.006589 0 
201726170 56.90771525 0 
201726224 43.99364845 0 
201726245 33.16381395 0 
201726315 60.892277 0 
201726366 6.72267085 0 
201726386 56.82598065 0 
201726408 35.00284245 0 
201726413 55.4977934 0 
201726455 35.145878 0 
201726599 1.00124885 0 
201726615 48.0599448 0 
201726616 25.35815965 0 
201726630 53.3726938 0 
201726633 53.88353505 0 
201726671 56.45817495 0 
201726730 3.41241955 0 
201726735 1.69599295 0 
201726919 3.5554551 0 
201726944 51.71756815 0 
201726970 56.6420778 0 
201727030 57.8680968 0 
201727051 38.0474563 0 
201727067 49.75593775 0 
201727080 51.2067269 0 
201727090 50.00114155 0 
201727100 26.74764785 0 
201727125 54.70088105 0 
201727137 51.2475942 0 
201727186 44.7088262 0 
201727208 32.6121054 0 
201727209 2.5746399 0 
201727223 61.3418173 0 
201727242 58.13373425 0 
201727247 48.97945905 0 
201727304 7.764787 0 
201727327 21.43489885 0 
201727350 32.8981765 0 
201727386 48.4277505 0 
201727464 56.5194759 0 
201727507 0.8582133 0 
201727520 45.26053475 0 
201727521 46.180049 0 
201727522 32.55080445 0 
201727528 18.77852435 0 
201727542 34.75763865 0 
201727570 49.34726475 0 
201727597 40.88773365 0 
201727621 53.06618905 0 
201727646 53.6178976 0 
201727702 38.35396105 0 
201727748 57.0916181 0 
201727764 61.8322249 0 
201727840 24.58168095 0 
201727883 67.6353815 0 
201727966 0.5312749 0 
201727974 25.5420625 0 
201727978 60.38143575 0 
201727980 39.94778575 0 
201727985 49.46986665 0 
201728012 32.91861015 0 
201728024 46.03701345 0 
201728046 23.4169629 0 
201728074 0.83777965 0 
201728082 47.2834661 0 
201728093 44.3818878 0 
201728105 58.70587645 0 
201728165 62.67000455 0 
201728189 7.66261875 0 
201728226 54.6395801 0 
201728276 52.1058075 0 
201728303 45.13793285 0 
201728380 50.08287615 0 
201728399 49.46986665 0 
201728422 50.675452 0 
201728465 45.9757125 0 
201728507 58.848912 0 
201728509 31.32478545 0 
201728538 23.39652925 0 
201728540 0.8582133 0 
201728554 33.1842476 0 
201728616 51.8606037 0 
201728694 53.6996322 0 
201728704 33.2659822 0 
201728708 32.285167 0 
201728766 60.46317035 0 
201728778 19.47326845 0 
201728782 17.26643425 0 
201728849 53.84266775 0 
201728874 27.11545355 0 
201728899 5.312749 0 
201729006 1.5120901 0 
201729007 55.0073858 0 
201729032 49.87853965 0 
201729034 1.77772755 0 
201729101 1.5938247 0 
201729128 53.0048881 0 
201729231 50.7571866 0 
201729300 59.11454945 0 
201729357 48.93859175 0 
201729424 53.6996322 0 
201729427 5.5579528 0 
201729429 47.3243334 0 
201729458 49.96027425 0 
201729461 50.2259117 0 
201729521 50.1441771 0 
201729582 63.9164572 0 
201729603 35.53411735 0 
201729608 1.7164266 0 
201729612 30.71177595 0 
201729677 62.526969 0 
201729714 47.9782102 0 
201729781 58.1133006 0 
201729875 50.65501835 0 
201729882 1.32818725 0 
201729894 10.0124885 0 
201729898 60.70837415 0 
201729918 64.7746705 0 
201729948 38.27222645 0 
201729961 24.929053 0 
201729970 36.59666715 0 
201730007 24.82688475 0 
201730030 47.406068 0 
201730055 35.2276126 0 
201730065 59.60495705 0 
201730073 24.99035395 0 
201730085 38.51743025 0 
201730097 50.53241645 0 
201730134 0.7356114 0 
201730142 48.7955562 0 
201730166 39.0282715 0 
201730192 1.7164266 0 
201730197 55.10955405 0 
201730222 24.8881857 0 
201730224 38.5787312 0 
201730227 30.79351055 0 
201730304 1.28731995 0 
201730358 32.5303708 0 
201730405 30.18050105 0 
201730458 49.2450965 0 
201730486 39.94778575 0 
201730507 32.1625651 0 
201730523 2.96287925 0 
201730556 1.69599295 0 
201730569 1.7164266 0 
201730634 59.3801869 0 
201730734 2.55420625 0 
201730772 42.35895645 0 
201730776 46.28221725 0 
201730788 24.82688475 0 
201730811 55.10955405 0 
201730841 4.63843855 0 
201730852 65.20377715 0 
201730885 39.7638829 0 
201730902 25.5420625 0 
201730921 45.13793285 0 
201731139 59.15541675 0 
201731158 49.42899935 0 
201731169 61.6687557 0 
201731189 1.226019 0 
201731190 49.63333585 0 
201731218 13.1184033 0 
201731247 48.61165335 0 
201731278 0.71517775 0 
201731326 52.57578145 0 
201731379 44.19798495 0 
201731381 57.19378635 0 
201731487 30.58917405 0 
201731544 31.36565275 0 
201731568 61.19878175 0 
201731625 48.2642813 0 
201731678 22.37484675 0 
201731767 44.52492335 0 
201731844 34.59416945 0 
201731847 60.6470732 0 
201731857 17.26643425 0 
201731864 14.7530953 0 
201731879 56.2334048 0 
201731885 15.79521145 0 
201731948 60.29970115 0 
201731958 12.4645265 0 
201732083 30.58917405 0 
201732105 53.2909592 0 
201732126 56.1925375 0 
201732132 41.17380475 0 
201732147 34.8598069 0 
201732208 28.75014555 0 
201732210 60.2792675 0 
201732212 30.9365461 0 
201732237 28.3210389 0 
201732238 61.19878175 0 
201732257 56.6829451 0 
201732272 1.5120901 0 
201732294 45.01533095 0 
201732296 1.40992185 0 
201732329 15.50914035 0 
201732373 1.0625498 0 
201732406 53.2500919 0 
201732413 48.1008121 0 
201732520 48.97945905 0 
201732557 30.71177595 0 
201732568 59.44148785 0 
201732599 61.32138365 0 
201732604 56.53990955 0 
201732607 27.7488967 0 
201732623 49.79680505 0 
201732632 37.37314585 0 
201732694 53.10705635 0 
201732698 57.8680968 0 
201732716 0.83777965 0 
201732835 36.4127643 0 
201732884 35.61585195 0 
201733003 52.6370824 0 
201733012 71.109102 0 
201733018 59.5027888 0 
201733023 28.01453415 0 
201733048 0.6947441 0 
201733081 1.4712228 0 
201733093 59.0941158 0 
201733117 37.189243 0 
201733168 35.57498465 0 
201733194 38.47656295 0 
201733208 5.04711155 0 
201733227 54.12873885 0 
201733246 1.04211615 0 
201733271 56.6420778 0 
201733322 49.9807079 0 
201733345 53.3726938 0 
201733350 49.75593775 0 
201733424 46.56828835 0 
201733475 26.54331135 0 
201733499 44.72925985 0 
201733564 0.6538768 0 
201733586 58.46067265 0 
201733598 57.9498314 0 
201733607 38.3335274 0 
201733610 27.0541526 0 
201733627 61.8322249 0 
201733641 58.1950352 0 
201733675 1.634692 0 
201733708 59.0532485 0 
201733764 14.1809531 0 
201733811 24.2343089 0 
201733816 2.96287925 0 
201733858 52.5144805 0 
201733881 59.4619215 0 
201733898 21.72096995 0 
201733900 38.3743947 0 
201733901 17.7364082 0 
201733930 55.15042135 0 
201734003 38.10875725 0 
201734032 63.8347226 0 
201734079 56.53990955 0 
201734164 1.2668863 0 
201734194 1.81859485 0 
201734212 3.00374655 0 
201734217 59.44148785 0 
201734259 59.5845234 0 
201734280 37.597916 0 
201734332 45.9757125 0 
201734447 0.5312749 0 
201734466 49.9398406 0 
201734553 49.83767235 0 
201734573 1.73686025 0 
201734578 33.00034475 0 
201734587 31.07958165 0 
201734695 18.98286085 0 
201734721 3.3511186 0 
201734722 58.0724333 0 
201734727 48.97945905 0 
201734734 55.72256355 0 
201734755 30.91611245 0 
201734777 52.49404685 0 
201734867 1.36905455 0 
201734906 57.4594238 0 
201734914 2.3703034 0 
201734915 59.64582435 0 
201734988 33.61335425 0 
201735005 49.5720349 0 
201735055 49.1633619 0 
201735076 60.54490495 0 
201735103 42.0524517 0 
201735156 46.73175755 0 
201735172 55.3343242 0 
201735200 58.9715139 0 
201735213 46.07788075 0 
201735268 59.11454945 0 
201735290 59.11454945 0 
201735354 55.0482531 0 
201735497 61.5870211 0 
201735508 56.4377413 0 
201735513 34.4920012 0 
201735532 57.0916181 0 
201735583 44.7905608 0 
201735607 29.73096075 0 
201735632 4.6997395 0 
201735698 52.61664875 0 
201735708 21.7822709 0 
201735718 59.68669165 0 
201735759 52.4327459 0 
201735764 66.8180355 0 
201735819 56.78511335 0 
201735848 1.57339105 0 
201735920 26.95198435 0 
201735953 32.5303708 0 
201735959 47.95777655 0 
201735971 13.6088109 0 
201736027 0.817346 0 
201736032 20.8014557 0 
201736040 22.98785625 0 
201736055 47.46736895 0 
201736085 53.18879095 0 
201736120 51.8197364 0 
201736144 1.3486209 0 
201736170 18.49245325 0 
201736205 63.5895188 0 
201736208 48.8364235 0 
201736209 27.6671621 0 
201736232 56.66251145 0 
201736247 36.4536316 0 
201736342 30.0783328 0 
201736343 20.04541065 0 
201736355 5.3944836 0 
201736362 58.09286695 0 
201736452 18.6354888 0 
201736533 58.031566 0 
201736553 16.69429205 0 
201736568 11.5245786 0 
201736606 60.38143575 0 
201736617 58.8080447 0 
201736640 10.9115691 0 
201736649 27.789764 0 
201736686 21.63923535 0 
201736687 55.06868675 0 
201736696 48.32558225 0 
201736740 26.91111705 0 
201736768 47.58997085 0 
201736773 57.0916181 0 
201736781 3.7189243 0 
201736809 2.3294361 0 
201736816 58.74674375 0 
201736833 52.718817 0 
201736837 31.7538921 0 
201736845 43.95278115 0 
201736850 26.2368066 0 
201736859 59.8297272 0 
201736864 31.07958165 0 
201736995 2.8198437 0 
201737023 63.73255435 0 
201737044 4.14803095 0 
201737065 17.6138063 0 
201737068 38.76263405 0 
201737081 58.58327455 0 
201737109 1.73686025 0 
201737184 18.28811675 0 
201737290 52.73925065 0 
201737334 52.20797575 0 
201737346 53.72006585 0 
201737376 28.99534935 0 
201737403 61.8730922 0 
201737457 20.9649249 0 
201737486 49.38813205 0 
201737516 57.7863622 0 
201737544 49.4903003 0 
201737569 59.7888599 0 
201737583 0.6538768 0 
201737657 1.0625498 0 
201737680 61.56658745 0 
201737720 51.26802785 0 
201737739 49.46986665 0 
201737744 55.4569261 0 
201737746 29.81269535 0 
201737752 54.762182 0 
201737791 34.0015936 0 
201737839 56.5603432 0 
201737940 30.30310295 0 
201737997 58.46067265 0 
201738102 55.43649245 0 
201738105 31.4269537 0 
201738184 38.10875725 0 
201738192 57.39812285 0 
201738231 42.6654612 0 
201738283 48.8364235 0 
201738314 30.87524515 0 
201738316 39.62084735 0 
201738350 58.6445755 0 
201738352 37.3118449 0 
201738415 49.0816273 0 
201738427 35.145878 0 
201738488 28.0758351 0 
201738523 59.64582435 0 
201738570 61.77092395 0 
201738572 11.7697824 0 
201738597 28.99534935 0 
201738697 33.04121205 0 
201738713 45.5261722 0 
201738755 13.01623505 0 
201738764 61.11704715 0 
201738808 59.27801865 0 
201738809 49.6129022 0 
201738839 1.00124885 0 
201738857 1.3077536 0 
201738878 1.85946215 0 
201738879 1.28731995 0 
201738900 27.52412655 0 
201738943 49.63333585 0 
201738967 38.4561293 0 
201738991 1.3894882 0 
201739056 44.8314281 0 
201739142 42.93109865 0 
201739215 15.46827305 0 
201739221 1.36905455 0 
201739234 50.00114155 0 
201739267 57.92939775 0 
201739316 3.2285167 0 
201739341 32.1625651 0 
201739466 45.4444376 0 
201739568 9.50164725 0 
201739586 56.82598065 0 
201739696 53.67919855 0 
201739703 1.81859485 0 
201739738 39.66171465 0 
201739761 65.1016089 0 
201739791 0.7356114 0 
201739796 42.0524517 0 
201739799 7.9282562 0 
201739850 49.3268311 0 
201739857 58.9715139 0 
201739884 47.01782865 0 
201739894 58.29720345 0 
201739959 53.7404995 0 
201739972 37.189243 0 
201739984 62.118296 0 
201740048 27.44239195 0 
201740067 61.5052865 0 
201740073 58.1950352 0 
201740127 12.11715445 0 
201740165 49.18379555 0 
201740176 49.42899935 0 
201740204 48.52991875 0 
201740262 52.4736132 0 
201740313 61.40311825 0 
201740338 60.6062059 0 
201740383 66.92020375 0 
201740393 56.9690162 0 
201740410 57.92939775 0 
201740422 4.2501992 0 
201740430 1.90032945 0 
201740432 28.8523138 0 
201740472 60.05449735 0 
201740504 60.6470732 0 
201740507 30.34397025 0 
201740538 1.1851517 0 
201740565 65.2650781 0 
201740579 32.55080445 0 
201740694 56.86684795 0 
201740721 62.4861017 0 
201740725 32.4077689 0 
201740729 50.0215752 0 
201740735 31.3043518 0 
201740748 56.7238124 0 
201740753 51.492798 0 
201740757 39.57998005 0 
201740767 68.47316115 0 
201740820 56.7646797 0 
201740828 58.58327455 0 
201740830 15.8973797 0 
201740848 7.2743794 0 
201740855 51.0432577 0 
201740886 6.06879405 0 
201740897 34.63503675 0 
201740947 36.3310297 0 
201740959 4.31150015 0 
201740994 63.344315 0 
201741029 66.02112315 0 
201741030 66.22545965 0 
201741053 53.3726938 0 
201741156 26.972418 0 
201741180 47.83517465 0 
201741246 54.1083052 0 
201741467 52.41231225 0 
201741506 49.9807079 0 
201741513 34.38983295 0 
201741556 1.69599295 0 
201741589 2.9833129 0 
201741620 0.6130095 0 
201741661 41.9707171 0 
201741668 33.00034475 0 
201741697 52.6779497 0 
201741699 43.50324085 0 
201741700 61.44398555 0 
201741702 60.34056845 0 
201741738 4.3319338 0 
201741764 56.3151394 0 
201741769 31.7538921 0 
201741775 1.65512565 0 
201741778 56.49904225 0 
201741792 33.98115995 0 
201741868 1.16471805 0 
201741886 49.5311676 0 
201741908 42.7471958 0 
201741922 48.8364235 0 
201741965 62.2408979 0 
201741966 47.4878026 0 
201742000 38.72176675 0 
201742013 2.55420625 0 
201742080 48.69338795 0 
201742137 59.44148785 0 
201742152 13.83358105 0 
201742161 1.69599295 0 
201742227 63.81428895 0 
201742511 46.0983144 0 
201742513 55.31389055 0 
201742526 50.0624425 0 
201742631 45.3218357 0 
201742639 18.5946215 0 
201742663 33.08207935 0 
201742694 3.6371897 0 
201742722 8.8682041 0 
201742758 1.53252375 0 
201742782 40.11125495 0 
201742814 33.28641585 0 
201742891 46.52742105 0 
201742899 65.12204255 0 
201742997 7.58088415 0 
201743032 61.6278884 0 
201743063 65.98025585 0 
201743074 47.7738737 0 
201743087 45.0357646 0 
201743103 30.8548115 0 
201743106 1.5120901 0 
201743148 53.3726938 0 
201743179 55.76343085 0 
201743244 63.56908515 0 
201743311 56.25383845 0 
201743399 50.5119828 0 
201743404 49.18379555 0 
201743468 58.33807075 0 
201743481 14.303555 0 
201743486 37.98615535 0 
201743488 0.96038155 0 
201743500 61.52572015 0 
201743537 1.85946215 0 
201743604 65.4285473 0 
201743769 51.30889515 0 
201743774 57.47985745 0 
201743857 63.28301405 0 
201743858 27.85106495 0 
201743894 30.79351055 0 
201743914 9.5220809 0 
201743935 1.8798958 0 
201743969 50.24634535 0 
201744030 48.97945905 0 
201744032 59.48235515 0 
201744055 9.37904535 0 
201744137 28.58667635 0 
201744145 35.53411735 0 
201744258 29.19968585 0 
201744364 61.5461538 0 
201744365 61.36225095 0 
201744424 59.19628405 0 
201744458 65.4694146 0 
201744487 57.52072475 0 
201744529 41.7663806 0 
201744549 58.8897793 0 
201744577 1.40992185 0 
201744616 38.3743947 0 
201744626 12.19888905 0 
201744629 34.79850595 0 
201744676 1.73686025 0 
201744732 45.87354425 0 
201744746 1.00124885 0 
201744749 52.8005516 0 
201744759 59.7479926 0 
201744829 43.58497545 0 
201744891 20.6788538 0 
201744915 17.8998774 0 
201744920 34.71677135 0 
201744963 16.1425835 0 
201745007 13.7722801 0 
201745107 5.5988201 0 
201745128 59.0941158 0 
201745130 55.19128865 0 
201745138 45.8939779 0 
201745146 17.1233987 0 
201745153 24.5612473 0 
201745168 28.34147255 0 
201745244 60.4018694 0 
201745257 57.9906987 0 
201745316 60.4427367 0 
201745329 40.60166255 0 
201745402 32.63253905 0 
201745414 34.10376185 0 
201745468 32.22386605 0 
201745477 55.76343085 0 
201745483 58.6037082 0 
201745484 33.81769075 0 
201745491 60.4018694 0 
201745501 31.6721575 0 
201745530 38.55829755 0 
201745553 53.0866227 0 
201745565 56.98944985 0 
201745570 28.46407445 0 
201745615 32.2442997 0 
201745687 31.89692765 0 
201745701 42.0115844 0 
201745712 40.47906065 0 
201745719 59.0123812 0 
201745721 60.4427367 0 
201745734 52.86185255 0 
201745756 62.58826995 0 
201745763 52.3510113 0 
201745791 2.5746399 0 
201745798 37.49574775 0 
201745805 30.75264325 0 
201745812 48.89772445 0 
201745966 20.61755285 0 
201745968 48.2642813 0 
201745971 13.42490805 0 
201746014 62.87434105 0 
201746071 58.13373425 0 
201746114 37.6387833 0 
201746131 61.89352585 0 
201746136 37.37314585 0 
201746143 19.02372815 0 
201746169 6.4979007 0 
201746220 1.7981612 0 
201746240 48.85685715 0 
201746280 23.3352283 0 
201746333 44.64752525 0 
201746348 34.737205 0 
201746425 62.13872965 0 
201746440 62.58826995 0 
201746464 46.9565277 0 
201746502 23.51913115 0 
201746540 55.84516545 0 
201746591 58.86934565 0 
201746610 27.8306313 0 
201746644 7.4787159 0 
201746650 57.92939775 0 
201746669 49.46986665 0 
201746713 1.12385075 0 
201746714 4.0049954 0 
201746729 48.1008121 0 
201746784 30.54830675 0 
201746806 17.18469965 0 
201746863 51.39062975 0 
201746880 56.4786086 0 
201746897 4.18889825 0 
201747008 55.64082895 0 
201747023 1.81859485 0 
201747048 1.81859485 0 
201747068 65.3059454 0 
201747070 46.3435182 0 
201747119 1.2668863 0 
201747159 35.4319491 0 
201747169 58.6854428 0 
201747206 1.226019 0 
201747240 43.6871437 0 
201747249 44.3410205 0 
201747271 47.30389975 0 
201747388 2.88114465 0 
201747404 3.4328532 0 
201747459 54.37394265 0 
201747502 58.74674375 0 
201747532 56.8464143 0 
201747570 39.08957245 0 
201747657 48.85685715 0 
201747688 67.5127796 0 
201747730 25.60336345 0 
201747732 56.17210385 0 
201747748 22.94698895 0 
201747794 37.12794205 0 
201747844 30.4461385 0 
201747902 59.19628405 0 
201747952 9.808152 0 
201748034 55.47735975 0 
201748039 0.75604505 0 
201748057 0.8582133 0 
201748058 45.3218357 0 
201748070 57.2959546 0 
201748087 47.6921391 0 
201748089 44.8722954 0 
201748132 41.62334505 0 
201748165 59.35975325 0 
201748188 1.1034171 0 
201748195 55.88603275 0 
201748211 4.0458627 0 
201748221 55.988201 0 
201748234 59.60495705 0 
201748239 2.9424456 0 
201748316 46.2617836 0 
201748355 56.66251145 0 
201748358 62.75173915 0 
201748374 3.0650475 0 
201748421 19.0032945 0 
201748473 57.0916181 0 
201748533 55.92690005 0 
201748606 34.51243485 0 
201748674 1.12385075 0 
201748719 51.6971345 0 
201748744 56.49904225 0 
201748747 2.26813515 0 
201748798 0.8582133 0 
201748877 1.7572939 0 
201748885 1.634692 0 
201748955 6.4570334 0 
201748991 59.76842625 0 
201749001 30.8548115 0 
201749064 14.52832515 0 
201749065 38.92610325 0 
201749079 23.9482378 0 
201749088 50.49154915 0 
201749099 50.90022215 0 
201749111 51.7380018 0 
201749133 35.7997548 0 
201749145 1.0625498 0 
201749146 0.7356114 0 
201749266 33.1433803 0 
201749292 55.19128865 0 
201749376 1.7572939 0 
201749464 49.6129022 0 
201749555 6.27313055 0 
201749642 58.21546885 0 
201749699 61.6278884 0 
201749726 0.87864695 0 
201749821 0.6130095 0 
201749833 48.24384765 0 
201749843 27.789764 0 
201749871 1.634692 0 
201749884 57.92939775 0 
201749893 63.56908515 0 
201749911 46.56828835 0 
201749919 56.8872816 0 
201749927 47.8556083 0 
201750106 58.6445755 0 
201750148 1.5938247 0 
201750209 30.9365461 0 
201750226 62.95607565 0 
201750337 35.3093472 0 
201750359 57.3776892 0 
201750368 10.3394269 0 
201750380 56.33557305 0 
201750423 49.02032635 0 
201750437 57.9906987 0 
201750449 31.20218355 0 
201750458 46.4252528 0 
201750504 47.406068 0 
201750660 60.4427367 0 
201750672 30.26223565 0 
201750696 32.8573092 0 
201750706 53.2500919 0 
201750732 39.6821483 0 
201750734 33.08207935 0 
201750752 28.8523138 0 
201750776 34.7780723 0 
201750804 39.53911275 0 
201750840 47.79430735 0 
201750904 30.13963375 0 
201750907 51.39062975 0 
201750915 62.99694295 0 
201750950 68.26882465 0 
201750985 59.31888595 0 
201751030 1.0625498 0 
201751071 57.8272295 0 
201751099 59.52322245 0 
201751144 59.68669165 0 
201751177 61.30095 0 
201751196 61.48485285 0 
201751274 16.89862855 0 
201751320 56.37644035 0 
201751339 33.12294665 0 
201751382 62.46566805 0 
201751391 1.3894882 0 
201751400 6.538768 0 
201751419 4.2910665 0 
201751423 27.381091 0 
201751428 2.860711 0 
201751439 12.1784554 0 
201751532 1.8390285 0 
201751545 5.90532485 0 
201751559 0.79691235 0 
201751572 59.11454945 0 
201751576 65.89852125 0 
201751617 36.06539225 0 
201751644 46.20048265 0 
201751651 52.1875421 0 
201751672 53.84266775 0 
201751682 58.25633615 0 
201751743 36.47406525 0 
201751744 59.72755895 0 
201751784 0.63344315 0 
201751801 56.78511335 0 
201751847 46.77262485 0 
201751856 8.47996475 0 
201751881 35.2276126 0 
201751892 55.3343242 0 
201751899 54.5169782 0 
201751909 63.0582439 0 
201751942 63.8347226 0 
201751954 53.0866227 0 
201751996 20.6788538 0 
201751998 60.13623195 0 
201752000 38.2517928 0 
201752023 65.28551175 0 
201752030 59.2984523 0 
201752051 8.6230003 0 
201752054 21.9048728 0 
201752098 36.0040913 0 
201752118 45.54660585 0 
201752120 45.26053475 0 
201752121 1.1034171 0 
201752148 3.3919859 0 
201752151 62.09786235 0 
201752157 1.08298345 0 
201752159 46.89522675 0 
201752165 12.8323322 0 
201752183 58.29720345 0 
201752190 50.94108945 0 
201752211 25.4603279 0 
201752230 26.66591325 0 
201752239 58.99194755 0 
201752276 28.2801716 0 
201752368 37.3527122 0 
201752396 1.90032945 0 
201752470 27.4628256 0 
201752502 16.61255745 0 
201752511 47.3243334 0 
201752522 1.1442844 0 
201752560 63.03781025 0 
201752583 58.82847835 0 
201752584 35.37064815 0 
201752587 51.92190465 0 
201752633 30.01703185 0 
201752686 2.39073705 0 
201752690 54.5987128 0 
201752718 46.8747931 0 
201752720 47.83517465 0 
201752778 20.5562519 0 
201752798 29.07708395 0 
201752812 51.2475942 0 
201752837 31.1817499 0 
201752854 3.8415262 0 
201752857 65.57158285 0 
201752867 52.04450655 0 
201752876 65.6737511 0 
201752881 61.2600827 0 
201752921 34.34896565 0 
201752929 36.0449586 0 
201752950 0.817346 0 
201752995 31.467821 0 
201753036 50.16461075 0 
201753086 1.0625498 0 
201753122 36.78057 0 
201753150 49.38813205 0 
201753203 1.0216825 0 
201753204 47.83517465 0 
201753254 47.54910355 0 
201753273 2.22726785 0 
201753332 35.45238275 0 
201753364 37.3527122 0 
201753422 5.8440239 0 
201753454 49.6946368 0 
201753545 61.8730922 0 
201753654 60.34056845 0 
201753680 32.10126415 0 
201753731 38.0883236 0 
201753739 61.77092395 0 
201753761 51.7380018 0 
201753769 44.0549494 0 
201753773 48.7138216 0 
201753819 60.1975329 0 
201753822 26.87024975 0 
201753827 40.0090867 0 
201753846 57.19378635 0 
201753869 40.1725559 0 
201753896 7.09047655 0 
201753965 44.3410205 0 
201753992 61.23964905 0 
201754024 63.3851823 0 
201754066 44.03451575 0 
201754079 27.0950199 0 
201754093 28.60711 0 
201754109 3.57588875 0 
201754140 34.71677135 0 
201754145 28.79101285 0 
201754204 48.9181581 0 
201754216 32.42820255 0 
201754273 36.6988354 0 
201754304 56.0290683 0 
201754305 38.68089945 0 
201754320 48.2642813 0 
201754325 52.20797575 0 
201754368 46.65002295 0 
201754396 49.1224946 0 
201754398 1.45078915 0 
201754445 57.35725555 0 
201754460 34.8598069 0 
201754478 33.89942535 0 
201754501 1.5938247 0 
201754542 30.1192001 0 
201754554 63.60995245 0 
201754557 2.92201195 0 
201754573 43.99364845 0 
201754592 49.51073395 0 
201754656 60.6470732 0 
201754664 28.87274745 0 
201754683 32.34646795 0 
201754703 51.492798 0 
201754767 59.3393196 0 
201754787 61.56658745 0 
201754808 59.44148785 0 
201754882 62.2817652 0 
201754905 54.61914645 0 
201754966 57.21422 0 
201754974 10.5028961 0 
201755046 63.56908515 0 
201755052 59.257585 0 
201755086 4.6588722 0 
201755167 50.7163193 0 
201755179 2.1659669 0 
201755226 31.56998925 0 
201755262 50.1850444 0 
201755301 36.10625955 0 
201755420 46.7930585 0 
201755457 46.44568645 0 
201755505 3.78022525 0 
201755507 46.32308455 0 
201755541 1.8798958 0 
201755632 55.4977934 0 
201755655 34.63503675 0 
201755723 58.50153995 0 
201755825 1.36905455 0 
201755826 63.6303861 0 
201755836 51.492798 0 
201755872 47.99864385 0 
201755892 14.73266165 0 
201755923 10.44159515 0 
201755943 3.0241802 0 
201755952 53.43399475 0 
201755972 50.3485136 0 
201755998 60.4427367 0 
201756115 59.0941158 0 
201756116 36.92360555 0 
201756118 52.0240729 0 
201756124 39.8864848 0 
201756153 50.24634535 0 
201756232 56.25383845 0 
201756237 61.73005665 0 
201756369 44.6270916 0 
201756421 33.3477168 0 
201756441 6.55920165 0 
201756470 42.89023135 0 
201756577 62.2817652 0 
201756632 53.4544284 0 
201756646 31.81519305 0 
201756694 66.55239805 0 
201756704 60.95357795 0 
201756705 36.63753445 0 
201756731 16.2243181 0 
201756775 3.33068495 0 
201756779 56.62164415 0 
201756786 1.5120901 0 
201756811 58.8897793 0 
201756824 51.47236435 0 
201756831 11.8106497 0 
201756858 64.26382925 0 
201756953 32.91861015 0 
201756989 17.67510725 0 
201757006 11.4837113 0 
201757022 30.87524515 0 
201757028 1.73686025 0 
201757039 59.52322245 0 
201757069 50.16461075 0 
201757077 57.9906987 0 
201757091 3.3919859 0 
201757132 44.5044897 0 
201757145 23.6212994 0 
201757252 34.34896565 0 
201757259 36.4944989 0 
201757323 55.1299877 0 
201757353 1.40992185 0 
201757365 34.9006742 0 
201757373 14.77352895 0 
201757380 56.8464143 0 
201757390 60.3610021 0 
201757462 61.85265855 0 
201757467 56.45817495 0 
201757516 30.67090865 0 
201757635 62.58826995 0 
201757661 38.10875725 0 
201757695 19.5345694 0 
201757699 60.0340637 0 
201757726 62.2408979 0 
201757745 56.1108029 0 
201757807 1.1851517 0 
201757813 0.7764787 0 
201757818 32.79600825 0 
201757842 54.6804474 0 
201757860 61.11704715 0 
201757878 57.2550873 0 
201757998 16.93949585 0 
201758005 0.6538768 0 
201758024 60.87184335 0 
201758172 44.32058685 0 
201758262 1.98206405 0 
201758280 2.55420625 0 
201758326 45.0357646 0 
201758382 61.1374808 0 
201758416 34.4920012 0 
201758449 52.718817 0 
201758469 49.5720349 0 
201758481 33.3885841 0 
201758517 35.4319491 0 
201758553 6.8657064 0 
201758560 59.2984523 0 
201758609 57.8680968 0 
201758624 62.4043671 0 
201758654 26.0733374 0 
201758678 60.34056845 0 
201758729 31.03871435 0 
201758804 19.207631 0 
201758861 0.96038155 0 
201758868 30.58917405 0 
201758877 61.77092395 0 
201758887 54.7213147 0 
201758893 42.9515323 0 
201758901 54.3126417 0 
201758921 28.66841095 0 
201758950 42.7880631 0 
201759009 36.1675605 0 
201759021 16.5512565 0 
201759068 27.72846305 0 
201759076 58.82847835 0 
201759093 52.08537385 0 
201759229 29.03621665 0 
201759430 36.9440392 0 
201759431 62.30219885 0 
201759523 57.15291905 0 
201759587 63.16041215 0 
201759713 56.0699356 0 
201759714 52.3918786 0 
201759715 60.6879405 0 
201759803 8.19389365 0 
201759827 62.4861017 0 
201759850 2.9015783 0 
201759953 31.81519305 0 
201759997 50.8797885 0 
201760004 61.30095 0 
201760073 7.17221115 0 
201760142 45.2809684 0 
201760147 0.8990806 0 
201760156 60.6470732 0 
201760160 52.8414189 0 
201760223 61.60745475 0 
201760273 32.9390438 0 
201760349 47.01782865 0 
201760373 47.38563435 0 
201760428 56.6420778 0 
201760500 49.46986665 0 
201760539 1.3486209 0 
201760544 60.3610021 0 
201760553 29.56749155 0 
201760692 58.031566 0 
201760720 26.4002758 0 
201760745 12.3827919 0 
201760758 60.8514097 0 
201760900 10.1759577 0 
201760938 63.32388135 0 
201760982 54.78261565 0 
201761012 7.6421851 0 
201761014 2.14553325 0 
201761067 1.6755593 0 
201761068 64.161661 0 
201761073 27.72846305 0 
201761117 56.17210385 0 
201761121 35.8406221 0 
201761271 61.5461538 0 
201761350 3.5554551 0 
201761362 44.9948973 0 
201761366 2.39073705 0 
201761410 1.3894882 0 
201761457 34.30809835 0 
201761467 55.7021299 0 
201761468 51.084125 0 
201761469 19.9841097 0 
201761538 2.5337726 0 
201761552 20.33148175 0 
201761554 1.12385075 0 
201761560 61.6278884 0 
201761596 64.71336955 0 
201761620 56.94858255 0 
201761640 25.6237971 0 
201761648 57.43899015 0 
201761655 61.23964905 0 
201761686 39.3960772 0 
201761719 51.79930275 0 
201761741 25.31729235 0 
201761742 18.00204565 0 
201761851 49.7763714 0 
201761875 26.4411431 0 
201761878 56.17210385 0 
201761952 7.2743794 0 
201761963 2.43160435 0 
201761984 3.86195985 0 
201761997 48.08037845 0 
201762012 5.21058075 0 
201762120 28.4027735 0 
201762148 56.5603432 0 
201762168 0.7356114 0 
201762196 5.7622893 0 
201762227 0.63344315 0 
201762243 41.9707171 0 
201762256 30.1600674 0 
201762265 40.02952035 0 
201762326 57.84766315 0 
201762367 34.9006742 0 
201762371 34.14462915 0 
201762374 1.24645265 0 
201762479 9.37904535 0 
201762493 51.39062975 0 
201762497 45.0766319 0 
201762593 63.6303861 0 
201762598 24.6838492 0 
201762625 34.2059301 0 
201762708 42.2976555 0 
201762717 2.1659669 0 
201762721 61.2600827 0 
201762815 60.83097605 0 
201762833 66.55239805 0 
201762844 55.2117223 0 
201762866 55.47735975 0 
201762909 59.5027888 0 
201762923 2.14553325 0 
201763079 1.40992185 0 
201763171 1.00124885 0 
201763178 57.9906987 0 
201763187 54.5578455 0 
201763211 32.5303708 0 
201763257 40.9899019 0 
201763262 65.5102819 0 
201763321 26.7680815 0 
201763363 63.5486515 0 
201763376 26.37984215 0 
201763391 3.8006589 0 
201763392 1.8390285 0 
201763469 4.92450965 0 
201763490 28.8931811 0 
201763499 7.3152467 0 
201763504 51.30889515 0 
201763507 31.876494 0 
201763628 57.5820257 0 
201763633 48.32558225 0 
201763669 58.0724333 0 
201763673 34.83937325 0 
201763713 52.5144805 0 
201763726 59.52322245 0 
201763806 53.2909592 0 
201763876 46.6295893 0 
201763901 28.9749157 0 
201763970 56.6012105 0 
201763973 60.79010875 0 
201764104 24.21387525 0 
201764160 0.87864695 0 
201764173 1.7572939 0 
201764182 58.01113235 0 
201764253 47.6512718 0 
201764330 59.9114618 0 
201764362 1.7572939 0 
201764395 21.80270455 0 
201764399 11.8923843 0 
201764407 2.4929053 0 
201764418 60.13623195 0 
201764429 61.6278884 0 
201764483 48.89772445 0 
201764496 55.55909435 0 
201764528 24.1525743 0 
201764543 13.894882 0 
201764630 23.3352283 0 
201764681 60.21796655 0 
201764689 60.29970115 0 
201764719 16.5103892 0 
201764726 31.93779495 0 
201764744 33.1433803 0 
201764882 59.31888595 0 
201764936 65.9598222 0 
201764945 0.8990806 0 
201765078 8.2960619 0 
201765082 37.2301103 0 
201765123 56.37644035 0 
201765144 30.9774134 0 
201765192 1.3486209 0 
201765252 18.5128869 0 
201765257 23.72346765 0 
201765260 46.44568645 0 
201765275 43.8097456 0 
201765289 65.28551175 0 
201765293 54.45567725 0 
201765305 56.805547 0 
201765317 32.55080445 0 
201765331 59.52322245 0 
201765366 39.90691845 0 
201765391 44.5862243 0 
201765429 30.241802 0 
201765437 59.2984523 0 
201765473 57.1733527 0 
201765482 55.27302325 0 
201765498 32.2442997 0 
201765503 55.7429972 0 
201765555 57.35725555 0 
201765569 59.4210542 0 
201765667 59.60495705 0 
201765681 61.03531255 0 
201765683 61.2600827 0 
201765809 7.1109102 0 
201765824 26.82938245 0 
201765846 54.6804474 0 
201765847 30.7322096 0 
201765869 16.8373276 0 
201765894 7.54001685 0 
201765926 44.9131627 0 
201765934 44.36145415 0 
201765991 31.7947594 0 
201765994 1.28731995 0 
201766092 63.9981918 0 
201766096 26.78851515 0 
201766142 65.4285473 0 
201766162 58.01113235 0 
201766172 56.4786086 0 
201766195 3.12634845 0 
201766238 54.41480995 0 
201766300 49.34726475 0 
201766378 54.3943763 0 
201766380 20.3110481 0 
201766395 37.4344468 0 
201766396 1.7572939 0 
201766409 56.98944985 0 
201766435 36.14712685 0 
201766468 40.6629635 0 
201766486 33.7972571 0 
201766492 61.28051635 0 
201766500 58.91021295 0 
201766504 30.46657215 0 
201766513 10.5028961 0 
201766569 2.1250996 0 
201766581 21.23056235 0 
201766599 58.8897793 0 
201766666 61.36225095 0 
201766673 1.36905455 0 
201766688 54.94608485 0 
201766703 55.88603275 0 
201766713 62.83347375 0 
201766747 54.6804474 0 
201766758 60.7288078 0 
201766770 50.7571866 0 
201766812 59.1349831 0 
201766813 1.634692 0 
201766824 56.9281489 0 
201766881 60.483604 0 
201766915 45.8939779 0 
201766966 40.7446981 0 
201766969 36.63753445 0 
201767013 61.4235519 0 
201767020 52.57578145 0 
201767113 29.424456 0 
201767221 52.90271985 0 
201767274 1.4712228 0 
201767287 69.45397635 0 
201767311 47.18129785 0 
201767352 34.06289455 0 
201767353 37.9657217 0 
201767364 1.4303555 0 
201767377 70.7821636 0 
201767389 27.4628256 0 
201767407 52.41231225 0 
201767434 60.0340637 0 
201767443 59.40062055 0 
201767459 3.5554551 0 
201767546 63.7938553 0 
201767600 62.67000455 0 
201767620 34.4511339 0 
201767633 57.7863622 0 
201767660 53.80180045 0 
201767690 51.5745326 0 
201767771 34.2059301 0 
201767805 66.6545663 0 
201767870 19.67760495 0 
201767895 61.07617985 0 
201767938 5.66012105 0 
201767953 52.86185255 0 
201767991 1.77772755 0 
201768001 60.0340637 0 
201768018 63.7938553 0 
201768046 64.3659975 0 
201768092 0.6538768 0 
201768101 0.59257585 0 
201768130 17.67510725 0 
201768151 1.32818725 0 
201768169 52.24884305 0 
201768195 49.8989733 0 
201768261 46.1391817 0 
201768278 27.64672845 0 
201768371 8.07129175 0 
201768401 35.7997548 0 
201768444 62.87434105 0 
201768475 58.5219736 0 
201768514 45.58747315 0 
201768552 42.48155835 0 
201768579 35.20717895 0 
201768602 64.38643115 0 
201768608 31.07958165 0 
201768612 60.2792675 0 
201768639 23.2534937 0 
201768649 51.492798 0 
201768674 51.0432577 0 
201768701 1.7572939 0 
201768702 59.48235515 0 
201768722 44.11625035 0 
201768796 52.0649402 0 
201768840 62.4861017 0 
201768912 41.13293745 0 
201768962 61.0148789 0 
201768969 42.4202574 0 
201769031 68.3301256 0 
201769064 41.45987585 0 
201769092 39.45737815 0 
201769111 60.21796655 0 
201769219 33.102513 0 
201769252 47.8556083 0 
201769290 30.54830675 0 
201769301 61.30095 0 
201769343 2.9424456 0 
201769422 65.6328838 0 
201769424 47.0382623 0 
201769484 0.83777965 0 
201769491 29.0975176 0 
201769508 16.8781949 0 
201769595 68.657064 0 
201769691 1.4712228 0 
201769707 59.0123812 0 
201769776 0.71517775 0 
201769811 28.3210389 0 
201769821 50.65501835 0 
201769847 58.848912 0 
201769920 2.96287925 0 
201769988 54.98695215 0 
201770005 52.2692767 0 
201770020 53.6587649 0 
201770128 31.40652005 0 
201770186 34.22636375 0 
201770209 34.14462915 0 
201770289 58.58327455 0 
201770378 11.50414495 0 
201770382 51.0023904 0 
201770476 19.8615078 0 
201770485 4.9858106 0 
201770504 11.66761415 0 
201770521 60.79010875 0 
201770623 63.93689085 0 
201770646 29.07708395 0 
201770690 15.9791143 0 
201770716 38.9465369 0 
201770735 35.0232761 0 
201770740 0.817346 0 
201770756 17.96117835 0 
201770776 4.31150015 0 
201770779 11.34067575 0 
201770837 58.8897793 0 
201770865 40.9490346 0 
201770908 48.9181581 0 
201770990 8.39823015 0 
201770991 61.8730922 0 
201771056 32.5303708 0 
201771094 1.634692 0 
201771160 5.0266779 0 
201771173 47.0382623 0 
201771197 19.02372815 0 
201771203 52.90271985 0 
201771209 5.57838645 0 
201771298 13.486209 0 
201771302 59.76842625 0 
201771341 55.80429815 0 
201771357 8.582133 0 
201771372 1.226019 0 
201771426 42.3793901 0 
201771471 53.27052555 0 
201771551 58.5219736 0 
201771560 50.00114155 0 
201771564 51.43149705 0 
201771617 61.93439315 0 
201771866 1.32818725 0 
201771933 13.5679436 0 
201771936 67.32887675 0 
201771986 23.84606955 0 
201772051 60.6470732 0 
201772148 54.12873885 0 
201772156 39.17130705 0 
201772171 48.8364235 0 
201772193 34.4102666 0 
201772258 61.52572015 0 
201772264 32.8164419 0 
201772277 47.46736895 0 
201772281 54.0674379 0 
201772288 57.31638825 0 
201772333 52.0240729 0 
201772337 49.858106 0 
201772339 43.8914802 0 
201772340 27.23805545 0 
201772350 54.53741185 0 
201772431 44.3410205 0 
201772434 30.8956788 0 
201772440 45.58747315 0 
201772603 63.97775815 0 
201772633 27.81019765 0 
201772671 47.4878026 0 
201772803 15.05960005 0 
201772804 39.04870515 0 
201772805 37.16880935 0 
201772816 13.62924455 0 
201772824 50.3893809 0 
201772896 50.36894725 0 
201772926 52.2284094 0 
201772961 47.406068 0 
201772986 33.102513 0 
201773011 33.0207784 0 
201773047 60.62663955 0 
201773103 0.8582133 0 
201773122 3.61675605 0 
201773123 63.752988 0 
201773188 57.80679585 0 
201773204 44.15711765 0 
201773234 58.17460155 0 
201773253 31.5904229 0 
201773262 1.0625498 0 
201773434 3.8415262 0 
201773440 61.97526045 0 
201773480 53.7813668 0 
201773484 34.38983295 0 
201773598 10.97287005 0 
201773601 52.7596843 0 
201773616 59.5027888 0 
201773629 49.71507045 0 
201773640 59.52322245 0 
201773650 61.8322249 0 
201773704 59.68669165 0 
201773709 56.98944985 0 
201773743 51.6562672 0 
201773745 1.00124885 0 
201773875 42.2159209 0 
201773887 20.61755285 0 
201773889 42.6245939 0 
201773905 29.89442995 0 
201773947 23.7847686 0 
201773953 53.72006585 0 
201774011 58.2767698 0 
201774026 57.80679585 0 
201774059 48.7138216 0 
201774090 1.7164266 0 
201774095 61.52572015 0 
201774149 38.39482835 0 
201774152 49.26553015 0 
201774193 42.60416025 0 
201774293 65.73505205 0 
201774299 29.44488965 0 
201774330 2.2885688 0 
201774331 42.5428593 0 
201774337 31.7947594 0 
201774340 49.8172387 0 
201774343 59.15541675 0 
201774359 32.3260343 0 
201774417 2.71767545 0 
201774424 58.29720345 0 
201774505 0.8582133 0 
201774524 66.26632695 0 
201774527 52.00363925 0 
201774539 3.7189243 0 
201774582 7.5195832 0 
201774618 39.3143426 0 
201774694 55.7021299 0 
201774719 55.51822705 0 
201774826 61.1374808 0 
201774871 35.3502145 0 
201774883 58.58327455 0 
201774941 57.5820257 0 
201774944 54.66001375 0 
201775044 55.84516545 0 
201775083 63.07867755 0 
201775101 51.1249923 0 
201775162 26.2368066 0 
201775247 62.38393345 0 
201775264 61.97526045 0 
201775292 3.3919859 0 
201775295 7.5604505 0 
201775337 51.71756815 0 
201775362 0.75604505 0 
201775409 0.63344315 0 
201775428 60.34056845 0 
201775448 62.6904382 0 
201775449 53.5770303 0 
201775565 10.07378945 0 
201775638 56.1516702 0 
201775647 63.3034477 0 
201775662 46.2209163 0 
201775669 30.3644039 0 
201775723 50.266779 0 
201775845 47.3652007 0 
201775861 60.13623195 0 
201775878 35.1867453 0 
201775904 31.3043518 0 
201775911 54.00613695 0 
201775967 26.0733374 0 
201776008 65.85765395 0 
201776020 10.4211615 0 
201776029 67.08367295 0 
201776073 60.5244713 0 
201776077 58.5628409 0 
201776202 59.85016085 0 
201776221 47.87604195 0 
201776290 27.76933035 0 
201776374 61.6278884 0 
201776395 23.3352283 0 
201776499 25.2968587 0 
201776562 0.7764787 0 
201776568 50.1033098 0 
201776614 54.8847839 0 
201776685 63.752988 0 
201776737 18.4311523 0 
201776823 46.5478547 0 
201776825 22.62005055 0 
201776838 54.2717744 0 
201776846 62.7721728 0 
201776914 30.91611245 0 
201776925 57.60245935 0 
201776932 36.0449586 0 
201776936 61.4644192 0 
201777013 1.20558535 0 
201777019 14.03791755 0 
201777119 49.9398406 0 
201777231 39.13043975 0 
201777247 56.17210385 0 
201777314 59.93189545 0 
201777317 65.6737511 0 
201777342 0.71517775 0 
201777354 7.21307845 0 
201777404 23.47826385 0 
201777431 55.43649245 0 
201777483 49.18379555 0 
201777545 58.74674375 0 
201777546 47.7738737 0 
201777655 53.10705635 0 
201777750 10.03292215 0 
201777807 54.45567725 0 
201777858 10.3802942 0 
201778063 1.08298345 0 
201778074 8.1325927 0 
201778177 59.48235515 0 
201778205 32.55080445 0 
201778336 1.00124885 0 
201778347 54.8847839 0 
201778348 56.1925375 0 
201778379 60.9740116 0 
201778380 56.2742721 0 
201778386 21.96617375 0 
201778394 31.32478545 0 
201778434 41.275973 0 
201778435 1.8390285 0 
201778473 47.58997085 0 
201778510 61.0148789 0 
201778566 16.20388445 0 
201778573 28.83188015 0 
201778584 67.2675758 0 
201778595 28.01453415 0 
201778620 40.4177597 0 
201778626 61.32138365 0 
201778631 56.66251145 0 
201778636 27.6671621 0 
201778662 14.9982991 0 
201778663 38.23135915 0 
201778685 11.79021605 0 
201778689 55.9064664 0 
201778746 61.4235519 0 
201778775 45.6896414 0 
201778808 27.5445602 0 
201778950 60.05449735 0 
201779048 22.66091785 0 
201779067 6.947441 0 
201779076 0.9399479 0 
201779109 61.7504903 0 
201779124 57.5411584 0 
201779195 63.32388135 0 
201779221 60.01363005 0 
201779253 58.5628409 0 
201779261 1.12385075 0 
201779274 59.257585 0 
201779329 33.0207784 0 
201779331 51.47236435 0 
201779357 2.43160435 0 
201779363 0.9399479 0 
201779460 50.2259117 0 
201779544 11.79021605 0 
201779612 11.38154305 0 
201779624 49.2042292 0 
201779647 21.10796045 0 
201779805 1.08298345 0 
201779828 62.935642 0 
201779833 63.3851823 0 
201779868 3.61675605 0 
201779891 65.77591935 0 
201780009 34.7780723 0 
201780013 35.12544435 0 
201780024 32.38733525 0 
201780048 62.54740265 0 
201780125 45.83267695 0 
201780161 28.25973795 0 
201780233 0.5721422 0 
201780256 9.99205485 0 
201780334 29.5470579 0 
201780352 33.44988505 0 
201780361 1.3486209 0 
201780406 63.24214675 0 
201780428 48.89772445 0 
201780431 25.337726 0 
201780445 61.32138365 0 
201780459 48.08037845 0 
201780474 39.78431655 0 
201780485 20.57668555 0 
201780511 53.9039687 0 
201780519 10.80940085 0 
201780548 1.69599295 0 
201780605 8.07129175 0 
201780641 32.9390438 0 
201780814 0.817346 0 
201780829 46.36395185 0 
201780857 15.01873275 0 
201780884 50.9615231 0 
201780964 34.30809835 0 
201781021 49.2450965 0 
201781091 33.2251149 0 
201781106 62.58826995 0 
201781115 26.99285165 0 
201781121 8.6638676 0 
201781142 34.0833282 0 
201781156 46.3843855 0 
201781181 47.9782102 0 
201781197 47.3243334 0 
201781221 49.7355041 0 
201781369 46.588722 0 
201781442 57.7454949 0 
201781500 56.66251145 0 
201781594 54.25134075 0 
201781614 63.52821785 0 
201781662 14.3852896 0 
201781960 63.5486515 0 
201781978 1.49165645 0 
201781981 29.69009345 0 
201782006 1.1442844 0 
201782028 0.8582133 0 
201782204 37.04620745 0 
201782229 20.842323 0 
201782350 5.4353509 0 
201782423 63.6303861 0 
201782432 68.84096685 0 
201782434 49.87853965 0 
201782436 3.37155225 0 
201782458 21.8640055 0 
201782462 28.8523138 0 
201782464 29.11795125 0 
201782599 63.40561595 0 
201782617 60.79010875 0 
201782631 23.64173305 0 
201782939 1.49165645 0 
201782941 23.6621667 0 
201782964 1.9207631 0 
201783085 58.6854428 0 
201783101 40.07038765 0 
201783258 6.06879405 0 
201783289 64.161661 0 
201783307 36.06539225 0 
201783340 56.49904225 0 
201783400 41.2351057 0 
201783498 30.83437785 0 
201783552 51.26802785 0 
201783569 2.6972418 0 
201783574 34.10376185 0 
201783646 55.06868675 0 
201783703 58.8897793 0 
201783708 54.90521755 0 
201783853 35.20717895 0 
201783863 59.1758504 0 
201783916 48.4686178 0 
201783945 39.78431655 0 
201783991 0.63344315 0 
201784022 1.00124885 0 
201784099 1.73686025 0 
201784152 59.68669165 0 
201784153 33.0616457 0 
201784171 52.41231225 0 
201784204 61.1783481 0 
201784211 61.0148789 0 
201784289 67.16540755 0 
201784350 55.2525896 0 
201784406 31.36565275 0 
201784472 3.73935795 0 
201784513 64.83597145 0 
201784519 35.49325005 0 
201784576 50.3485136 0 
201784598 63.9164572 0 
201784646 40.84686635 0 
201784650 52.24884305 0 
201784783 61.64832205 0 
201784790 2.26813515 0 
201784791 1.6755593 0 
201784807 59.19628405 0 
201784838 48.03951115 0 
201784964 64.50903305 0 
201784970 56.3151394 0 
201784975 1.5120901 0 
201785059 43.5236745 0 
201785130 5.04711155 0 
201785138 52.3510113 0 
201785185 1.12385075 0 
201785197 61.4644192 0 
201785305 22.0274747 0 
201785344 40.9490346 0 
201785353 52.65751605 0 
201785366 56.6012105 0 
201785388 26.58417865 0 
201785415 61.7504903 0 
201785503 60.1566656 0 
201785535 25.11295585 0 
201785579 3.28981765 0 
201785591 1.61425835 0 
201785646 4.35236745 0 
201785677 5.33318265 0 
201785678 8.7456022 0 
201785777 63.89602355 0 
201785835 67.45147865 0 
201785890 1.57339105 0 
201785893 4.1684646 0 
201785908 57.03031715 0 
201785958 54.0265706 0 
201786083 35.00284245 0 
201786093 57.1324854 0 
201786115 28.8523138 0 
201786161 30.3235366 0 
201786293 65.1833435 0 
201786362 6.9883083 0 
201786378 57.1733527 0 
201786386 46.60915565 0 
201786419 63.24214675 0 
201786473 59.44148785 0 
201786492 5.4762182 0 
201786494 1.08298345 0 
201786495 14.11965215 0 
201786498 28.2801716 0 
201786564 42.6654612 0 
201786580 57.6637603 0 
201786611 59.48235515 0 
201786670 64.54990035 0 
201786691 46.3843855 0 
201786700 46.03701345 0 
201786713 52.16710845 0 
201786731 57.68419395 0 
201786744 40.4994943 0 
201786748 0.6538768 0 
201786754 56.0699356 0 
201786791 55.72256355 0 
201786828 47.9782102 0 
201786831 46.56828835 0 
201786870 8.0099908 0 
201786969 19.207631 0 
201786970 2.5337726 0 
201787026 64.95857335 0 
201787067 56.3560067 0 
201787112 52.0240729 0 
201787160 38.2109255 0 
201787211 64.0799264 0 
201787215 32.4486362 0 
201787241 11.38154305 0 
201787300 33.94029265 0 
201787378 63.8347226 0 
201787410 59.2984523 0 
201787544 55.9473337 0 
201787565 60.074931 0 
201787566 4.55670395 0 
201787587 59.3801869 0 
201787593 1.5529574 0 
201787595 44.0549494 0 
201787626 17.4912044 0 
201787775 22.66091785 0 
201787820 34.8598069 0 
201787839 26.99285165 0 
201787850 48.73425525 0 
201787928 55.7021299 0 
201787934 22.62005055 0 
201787977 1.45078915 0 
201787982 43.9732148 0 
201787998 16.0199816 0 
201788155 21.5370671 0 
201788185 47.5286699 0 
201788219 55.1299877 0 
201788237 54.57827915 0 
201788264 28.83188015 0 
201788267 49.55160125 0 
201788279 31.6721575 0 
201788284 50.2259117 0 
201788298 66.18459235 0 
201788333 32.0399632 0 
201788338 52.69838335 0 
201788367 64.83597145 0 
201788409 26.58417865 0 
201788505 0.67431045 0 
201788687 13.50664265 0 
201788724 57.35725555 0 
201788756 58.848912 0 
201788820 26.74764785 0 
201788841 61.709623 0 
201788894 57.3368219 0 
201788976 58.1541679 0 
201789003 40.80599905 0 
201789006 11.6471805 0 
201789025 3.1059148 0 
201789080 42.3385228 0 
201789092 30.09876645 0 
201789118 57.2550873 0 
201789125 28.87274745 0 
201789162 58.8897793 0 
201789176 39.3960772 0 
201789297 64.6520686 0 
201789333 61.8730922 0 
201789334 56.66251145 0 
201789342 54.74174835 0 
201789346 51.8197364 0 
201789412 18.86025895 0 
201789457 62.3226325 0 
201789520 4.8223414 0 
201789539 30.5687404 0 
201789629 2.452038 0 
201789659 64.161661 0 
201789675 54.61914645 0 
201789700 1.0625498 0 
201789764 3.5554551 0 
201789801 64.38643115 0 
201789861 2.860711 0 
201789901 64.14122735 0 
201789903 1.69599295 0 
201789918 1.53252375 0 
201789982 63.93689085 0 
201790028 66.71586725 0 
201790080 63.6712534 0 
201790267 1.00124885 0 
201790455 53.76093315 0 
201790513 50.5937174 0 
201790629 31.1000153 0 
201790675 56.5603432 0 
201790735 63.5895188 0 
201790738 9.0316733 0 
201790834 27.23805545 0 
201790864 55.988201 0 
201790887 25.93030185 0 
201791011 63.8347226 0 
201791048 63.73255435 0 
201791131 0.6538768 0 
201791258 55.06868675 0 
201791276 13.4453417 0 
201791284 63.5486515 0 
201791304 58.05199965 0 
201791370 6.9883083 0 
201791406 49.83767235 0 
201791452 67.86015165 0 
201791508 54.8030493 0 
201791546 55.2525896 0 
201791599 53.6178976 0 
201791663 68.96356875 0 
201791665 42.4611247 0 
201791726 59.31888595 0 
201791765 28.2801716 0 
201791789 4.6997395 0 
201791826 57.92939775 0 
201791854 63.48735055 0 
201791857 51.0432577 0 
201791864 63.6712534 0 
201791883 61.64832205 0 
201791932 44.23885225 0 
201792011 52.24884305 0 
201792069 62.0774287 0 
201792076 14.93699815 0 
201792106 55.35475785 0 
201792146 47.91690925 0 
201792221 33.0616457 0 
201792263 51.0432577 0 
201792333 0.6947441 0 
201792696 42.4611247 0 
201792708 61.709623 0 
201792855 55.170855 0 
201792863 61.40311825 0 
201792933 31.36565275 0 
201792937 67.65581515 0 
201792962 45.6896414 0 
201792964 28.50494175 0 
201793025 65.6737511 0 
201793194 31.2634845 0 
201793214 0.96038155 0 
201793259 34.4511339 0 
201793267 26.1959393 0 
201793308 58.01113235 0 
201793360 35.12544435 0 
201793406 60.074931 0 
201793444 51.6153999 0 
201793456 57.1733527 0 
201793485 43.78931195 0 
201793511 59.72755895 0 
201793522 34.96197515 0 
201793550 27.40152465 0 
201793584 43.1967361 0 
201793642 64.6520686 0 
201793676 65.44898095 0 
201793701 3.8823935 0 
201793774 44.48405605 0 
201793989 50.81848755 0 
201794077 1.36905455 0 
201794089 0.79691235 0 
201794107 34.9415415 0 
201794251 46.03701345 0 
201794266 8.68430125 0 
201794280 31.40652005 0 
201794291 63.1399785 0 
201794328 64.95857335 0 
201794343 47.9373429 0 
201794387 38.8648023 0 
201794409 55.4977934 0 
201794423 3.7189243 0 
201794437 54.33307535 0 
201794446 66.2458933 0 
201794528 17.79770915 0 
201794558 63.9164572 0 
201794580 7.33568035 0 
201794581 11.7289151 0 
201794667 29.15881855 0 
201794712 39.9273521 0 
201794752 31.9582286 0 
201794765 23.31479465 0 
201794783 1.04211615 0 
201794859 47.79430735 0 
201794872 34.71677135 0 
201794921 30.83437785 0 
201794967 1.20558535 0 
201795011 61.0966135 0 
201795021 32.38733525 0 
201795027 47.87604195 0 
201795042 33.102513 0 
201795107 1.634692 0 
201795204 13.46577535 0 
201795220 50.266779 0 
201795222 60.09536465 0 
201795241 56.66251145 0 
201795246 13.42490805 0 
201795327 59.5436561 0 
201795335 30.8956788 0 
201795425 30.0374655 0 
201795475 13.34317345 0 
201795506 52.73925065 0 
201795672 56.04950195 0 
201795805 49.42899935 0 
201795919 36.6579681 0 
201795956 35.12544435 0 
201795969 27.381091 0 
201795992 46.15961535 0 
201796000 20.69928745 0 
201796038 0.63344315 0 
201796159 67.28800945 0 
201796186 1.5938247 0 
201796198 35.37064815 0 
201796225 21.92530645 0 
201796238 63.81428895 0 
201796285 32.2034324 0 
201796337 1.73686025 0 
201796364 69.65831285 0 
201796366 60.483604 0 
201796374 43.7688783 0 
201796452 18.798958 0 
201796496 64.54990035 0 
201796647 1.7572939 0 
201796757 29.9148636 0 
201796789 59.97276275 0 
201796808 23.0900245 0 
201796893 29.32228775 0 
201796965 43.9323475 0 
201797198 11.29980845 0 
201797228 20.98535855 0 
201797230 42.35895645 0 
201797275 46.24134995 0 
201797322 0.6538768 0 
201797399 7.21307845 0 
201797400 3.3102513 0 
201797512 1.61425835 0 
201797530 67.0632393 0 
201797545 62.67000455 0 
201797549 0.7764787 0 
201797652 57.72506125 0 
201797752 55.7021299 0 
201797810 49.6946368 0 
201797965 52.90271985 0 
201797985 59.5845234 0 
201798083 44.40232145 0 
201798110 55.3343242 0 
201798146 49.0816273 0 
201798187 29.97616455 0 
201798225 32.4486362 0 
201798330 38.39482835 0 
201798336 40.0908213 0 
201798404 61.97526045 0 
201798408 38.7830677 0 
201798497 63.0582439 0 
201798516 56.2334048 0 
201798549 54.1491725 0 
201798562 34.96197515 0 
201798613 44.2184186 0 
201798656 63.69168705 0 
201798679 2.06379865 0 
201798752 49.83767235 0 
201798755 34.96197515 0 
201798774 61.03531255 0 
201798805 22.29311215 0 
201798831 64.10036005 0 
201798842 65.7146184 0 
201798844 39.98865305 0 
201798911 0.71517775 0 
201798959 3.3919859 0 
201798969 57.68419395 0 
201798976 56.0290683 0 
201799077 59.44148785 0 
201799119 43.5236745 0 
201799157 38.5378639 0 
201799223 32.71427365 0 
201799242 2.8198437 0 
201799254 54.21047345 0 
201799439 65.2242108 0 
201799447 56.1925375 0 
201799472 1.1442844 0 
201799484 22.0274747 0 
201799532 58.3993717 0 
201799549 67.94188625 0 
201799617 55.5386607 0 
201799761 62.38393345 0 
201799796 52.04450655 0 
201799806 47.1199969 0 
201799902 53.4952957 0 
201799910 52.9640208 0 
201799946 52.65751605 0 
201799986 1.0216825 0 
