201500033 49.02032635 0 
201500059 40.02952035 0 
201500131 30.58917405 0 
201500150 55.55909435 0 
201500154 47.58997085 0 
201500155 17.02123045 0 
201500171 51.39062975 0 
201500189 32.8981765 0 
201500193 40.96946825 0 
201500198 36.59666715 0 
201500207 11.42241035 0 
201500245 1.85946215 0 
201500299 48.73425525 0 
201500314 3.9232608 0 
201500439 2.06379865 0 
201500483 40.56079525 0 
201500496 65.48984825 0 
201500580 22.5178823 0 
201500662 29.44488965 0 
201500675 30.7730769 0 
201500717 42.0115844 0 
201500727 29.7513944 0 
201500739 30.7322096 0 
201500759 49.71507045 0 
201500769 33.511186 0 
201500806 2.71767545 0 
201500824 30.54830675 0 
201500851 47.22216515 0 
201500875 36.63753445 0 
201500903 43.21716975 0 
201500951 2.96287925 0 
201500969 64.34556385 0 
201501000 8.03042445 0 
201501051 45.17880015 0 
201501146 33.4294514 0 
201501185 57.21422 0 
201501207 49.55160125 0 
201501214 23.11045815 0 
201501248 47.91690925 0 
201501299 29.32228775 0 
201501305 36.4536316 0 
201501324 51.51323165 0 
201501427 53.2500919 0 
201501482 54.7213147 0 
201501505 28.25973795 0 
201501544 53.31139285 0 
201501546 9.78771835 0 
201501574 29.77182805 0 
201501636 61.15791445 0 
201501649 51.06369135 0 
201501720 2.39073705 0 
201501797 34.9824088 0 
201501862 49.26553015 0 
201501901 60.5653386 0 
201501949 1.9207631 0 
201501958 7.7239197 0 
201502023 40.8673 0 
201502048 56.21297115 0 
201502099 34.6146031 0 
201502161 35.12544435 0 
201502195 59.40062055 0 
201502241 36.5353662 0 
201502317 48.08037845 0 
201502359 22.477015 0 
201502419 41.62334505 0 
201502437 42.27722185 0 
201502452 45.771376 0 
201502457 66.30719425 0 
201502494 22.00704105 0 
201502497 51.084125 0 
201502656 41.0716365 0 
201502680 58.031566 0 
201502700 67.53321325 0 
201502837 32.4077689 0 
201502848 35.57498465 0 
201502858 33.44988505 0 
201502864 5.61925375 0 
201502926 36.2084278 0 
201503031 48.9590254 0 
201503082 4.22976555 0 
201503130 31.9990959 0 
201503175 32.5712381 0 
201503195 44.3818878 0 
201503242 41.6029114 0 
201503295 47.63083815 0 
201503326 0.91951425 0 
201503438 64.83597145 0 
201503507 22.1092093 0 
201503518 15.4478394 0 
201503567 1.90032945 0 
201503569 9.21557615 0 
201503593 44.36145415 0 
201503621 51.2067269 0 
201503634 49.06119365 0 
201503731 33.3068495 0 
201503751 2.2885688 0 
201503816 1.5938247 0 
201503875 41.86854885 0 
201503976 35.12544435 0 
201503978 55.7429972 0 
201504027 59.3801869 0 
201504028 48.77512255 0 
201504056 55.72256355 0 
201504201 4.5771376 0 
201504212 53.55659665 0 
201504225 54.3126417 0 
201504246 50.7571866 0 
201504247 33.61335425 0 
201504291 55.64082895 0 
201504355 50.9206558 0 
201504400 2.59507355 0 
201504440 0.63344315 0 
201504447 49.83767235 0 
201504611 3.86195985 0 
201504765 1.77772755 0 
201504775 35.6771529 0 
201504788 53.4135611 0 
201504831 49.22466285 0 
201504842 47.34476705 0 
201504843 1.12385075 0 
201505022 50.12374345 0 
201505023 57.2550873 0 
201505124 41.5211768 0 
201505180 60.3610021 0 
201505238 46.7521912 0 
201505350 17.2868679 0 
201505442 55.59996165 0 
201505500 0.9808152 0 
201505525 29.6696598 0 
201505569 44.93359635 0 
201505640 31.3860864 0 
201505644 52.41231225 0 
201505646 54.21047345 0 
201505664 36.47406525 0 
201505669 50.7163193 0 
201505688 57.7454949 0 
201505695 53.55659665 0 
201505705 12.3419246 0 
201505708 7.74435335 0 
201505826 1.81859485 0 
201505877 40.1725559 0 
201505882 51.2067269 0 
201505924 15.0391664 0 
201505930 34.38983295 0 
201506127 39.8456175 0 
201506198 2.4111707 0 
201506203 61.52572015 0 
201506253 30.09876645 0 
201506328 17.6546736 0 
201506367 33.7972571 0 
201506382 43.4828072 0 
201506453 49.2450965 0 
201506510 49.34726475 0 
201506518 39.3960772 0 
201506519 47.4878026 0 
201506564 2.5746399 0 
201506674 54.74174835 0 
201506777 37.70008425 0 
201506796 56.5603432 0 
201506836 5.0675452 0 
201506845 30.3235366 0 
201506860 23.72346765 0 
201506935 29.424456 0 
201507141 40.84686635 0 
201507148 50.1850444 0 
201507195 31.40652005 0 
201507236 0.79691235 0 
201507312 52.310144 0 
201507356 45.8122433 0 
201507400 41.66421235 0 
201507536 37.65921695 0 
201507557 49.63333585 0 
201507680 46.93609405 0 
201507706 44.4636224 0 
201507757 9.21557615 0 
201507783 33.6746552 0 
201507828 25.80769995 0 
201507886 18.9215599 0 
201507896 15.6113086 0 
201507949 59.8297272 0 
201507958 33.8789917 0 
201508025 48.93859175 0 
201508028 28.3210389 0 
201508049 40.92860095 0 
201508162 32.8981765 0 
201508189 1.1851517 0 
201508206 49.8172387 0 
201508265 51.10455865 0 
201508408 30.9365461 0 
201508413 42.44069105 0 
201508465 31.03871435 0 
201508482 29.89442995 0 
201508494 56.53990955 0 
201508511 53.06618905 0 
201508650 27.7080294 0 
201508703 29.69009345 0 
201508827 50.16461075 0 
201508841 40.76513175 0 
201508865 26.563745 0 
201508897 35.00284245 0 
201508970 48.7546889 0 
201508995 46.36395185 0 
201509077 58.95108025 0 
201509089 42.07288535 0 
201509129 30.09876645 0 
201509192 1.77772755 0 
201509195 49.9398406 0 
201509198 51.5336653 0 
201509233 57.88853045 0 
201509240 46.2209163 0 
201509269 67.81928435 0 
201509297 25.2151241 0 
201509304 32.50993715 0 
201509328 13.99705025 0 
201509361 3.49415415 0 
201509418 45.1174992 0 
201509430 39.6004137 0 
201509462 40.60166255 0 
201509559 33.73595615 0 
201509678 44.52492335 0 
201509721 58.13373425 0 
201509778 41.41900855 0 
201509919 36.06539225 0 
201509988 56.13123655 0 
201510125 53.0048881 0 
201510142 48.0190775 0 
201510164 30.34397025 0 
201510364 3.04461385 0 
201510403 39.74344925 0 
201510444 58.1133006 0 
201510483 61.9139595 0 
201510487 53.10705635 0 
201510488 49.38813205 0 
201510514 35.5954183 0 
201510534 3.8415262 0 
201510626 60.0340637 0 
201510640 9.9716212 0 
201510641 32.7347073 0 
201510687 50.7163193 0 
201510689 61.32138365 0 
201510715 50.24634535 0 
201510765 30.4870058 0 
201510824 31.36565275 0 
201510844 41.7663806 0 
201510958 47.58997085 0 
201510991 38.7013331 0 
201511046 31.3452191 0 
201511060 0.8990806 0 
201511062 26.62504595 0 
201511151 3.16721575 0 
201511174 11.34067575 0 
201511212 51.9832056 0 
201511216 48.5503524 0 
201511217 32.285167 0 
201511273 30.6096077 0 
201511297 44.9131627 0 
201511371 1.08298345 0 
201511502 51.0432577 0 
201511525 25.0107876 0 
201511626 36.76013635 0 
201511699 54.0265706 0 
201511761 2.6155072 0 
201511795 33.77682345 0 
201511885 43.8097456 0 
201511888 37.7613852 0 
201511925 36.6579681 0 
201512041 10.2985596 0 
201512161 26.6454796 0 
201512183 30.67090865 0 
201512241 18.65592245 0 
201512279 27.07458625 0 
201512287 60.01363005 0 
201512348 5.8848912 0 
201512392 19.2484983 0 
201512465 50.4302482 0 
201512507 60.9331443 0 
201512508 20.0658443 0 
201512534 1.36905455 0 
201512538 0.9808152 0 
201512542 66.71586725 0 
201512627 43.17630245 0 
201512655 53.84266775 0 
201512752 62.2000306 0 
201512771 49.91940695 0 
201512816 57.03031715 0 
201512825 1.40992185 0 
201512883 54.3126417 0 
201513014 65.6737511 0 
201513200 1.81859485 0 
201513208 62.7721728 0 
201513237 1.634692 0 
201513280 30.42570485 0 
201513314 49.79680505 0 
201513373 3.65762335 0 
201513407 64.91770605 0 
201513475 49.5311676 0 
201513508 58.9306466 0 
201513541 50.0215752 0 
201513544 58.848912 0 
201513555 40.2134232 0 
201513798 30.91611245 0 
201513833 38.415262 0 
201513919 56.0699356 0 
201514092 48.8364235 0 
201514240 40.72426445 0 
201514262 33.5520533 0 
201514264 0.9399479 0 
201514323 31.7947594 0 
201514444 59.68669165 0 
201514508 47.54910355 0 
201514535 33.61335425 0 
201514580 48.9590254 0 
201514722 49.79680505 0 
201514766 48.7138216 0 
201514809 59.5027888 0 
201514848 48.4686178 0 
201515047 38.1291909 0 
201515057 33.4294514 0 
201515145 37.9248544 0 
201515160 25.4603279 0 
201515171 42.27722185 0 
201515184 49.75593775 0 
201515233 31.81519305 0 
201515243 36.88273825 0 
201515261 44.6270916 0 
201515347 37.1075084 0 
201515371 0.91951425 0 
201515383 32.7755746 0 
201515412 36.47406525 0 
201515416 57.8680968 0 
201515418 41.21467205 0 
201515419 56.9690162 0 
201515457 51.6562672 0 
201515470 59.1758504 0 
201515502 28.17800335 0 
201515535 36.2901624 0 
201515581 27.0132853 0 
201515584 48.69338795 0 
201515593 50.1033098 0 
201515712 33.57248695 0 
201515713 51.59496625 0 
201515745 3.1467821 0 
201515810 26.1142047 0 
201515852 15.67260955 0 
201515883 49.38813205 0 
201516142 51.84017005 0 
201516181 40.9899019 0 
201516225 33.61335425 0 
201516339 51.2067269 0 
201516347 55.1299877 0 
201516426 2.0024977 0 
201516598 27.6262948 0 
201516615 64.30469655 0 
201516629 1.08298345 0 
201516974 48.48905145 0 
201517034 36.55579985 0 
201517058 44.36145415 0 
201517066 49.5720349 0 
201517165 46.89522675 0 
201517183 50.4711155 0 
201517213 49.26553015 0 
201517343 53.18879095 0 
201517436 38.7422004 0 
201517551 61.68918935 0 
201517594 22.5996169 0 
201517597 58.25633615 0 
201517616 0.83777965 0 
201517634 50.36894725 0 
201517683 43.42150625 0 
201517704 47.4469353 0 
201517764 57.3776892 0 
201517808 3.41241955 0 
201517854 0.6538768 0 
201517858 15.2435029 0 
201517879 27.44239195 0 
201518070 65.69418475 0 
201518097 66.205026 0 
201518188 32.22386605 0 
201518238 27.1767545 0 
201518291 55.9473337 0 
201518337 55.43649245 0 
201518433 23.84606955 0 
201518475 55.5386607 0 
201518531 30.6096077 0 
201518540 23.5804321 0 
201518558 62.526969 0 
201518675 48.4277505 0 
201518680 39.1917407 0 
201518699 16.65342475 0 
201518712 9.99205485 0 
201518722 50.5937174 0 
201518904 64.54990035 0 
201518909 21.02622585 0 
201518925 11.25894115 0 
201519025 62.3226325 0 
201519029 15.0391664 0 
201519059 42.60416025 0 
201519061 51.67670085 0 
201519085 63.4260496 0 
201519121 14.73266165 0 
201519155 49.858106 0 
201519178 17.38903615 0 
201519195 59.5027888 0 
201519208 38.2517928 0 
201519285 14.9165645 0 
201519290 47.6921391 0 
201519347 32.5303708 0 
201519490 42.9923996 0 
201519567 28.2801716 0 
201519591 60.1975329 0 
201519622 22.08877565 0 
201519630 29.44488965 0 
201519671 50.32807995 0 
201519784 49.22466285 0 
201519789 36.59666715 0 
201519863 54.6395801 0 
201519920 43.0332669 0 
201519928 48.61165335 0 
201520205 47.50823625 0 
201520290 1.1851517 0 
201520303 56.94858255 0 
201520311 29.15881855 0 
201520444 32.79600825 0 
201520454 57.7046276 0 
201520609 26.42070945 0 
201520635 30.650475 0 
201520639 1.24645265 0 
201520706 7.6013178 0 
201520801 25.15382315 0 
201520807 48.9998927 0 
201520859 40.7038308 0 
201520878 30.9774134 0 
201520939 27.19718815 0 
201520966 58.7671774 0 
201520995 49.6129022 0 
201521088 1.7572939 0 
201521121 49.10206095 0 
201521141 38.72176675 0 
201521169 49.02032635 0 
201521188 3.2285167 0 
201521190 38.415262 0 
201521225 49.04076 0 
201521231 0.63344315 0 
201521346 31.9990959 0 
201521405 36.5353662 0 
201521421 62.17959695 0 
201521460 49.06119365 0 
201521461 36.92360555 0 
201521501 18.41071865 0 
201521506 30.50743945 0 
201521512 45.6487741 0 
201521543 51.14542595 0 
201521599 3.5963224 0 
201521610 49.22466285 0 
201521671 32.34646795 0 
201521723 60.50403765 0 
201521725 60.21796655 0 
201521827 49.79680505 0 
201521870 55.5386607 0 
201521877 32.7347073 0 
201521880 56.5603432 0 
201521915 43.78931195 0 
201521916 36.78057 0 
201521989 46.77262485 0 
201522115 36.26972875 0 
201522283 50.24634535 0 
201522294 56.8464143 0 
201522379 53.4544284 0 
201522413 51.084125 0 
201522432 56.0290683 0 
201522577 51.18629325 0 
201522593 39.3143426 0 
201522700 49.96027425 0 
201522784 50.90022215 0 
201522926 26.62504595 0 
201522988 49.34726475 0 
201523003 1.7572939 0 
201523076 35.61585195 0 
201523126 3.8006589 0 
201523211 33.8381244 0 
201523223 1.65512565 0 
201523254 48.40731685 0 
201523288 59.48235515 0 
201523316 39.04870515 0 
201523468 48.7955562 0 
201523519 57.97026505 0 
201523661 10.60506435 0 
201523690 50.9615231 0 
201523697 50.45068185 0 
201523700 47.1199969 0 
201523718 48.9998927 0 
201523722 46.8747931 0 
201523774 55.8247318 0 
201523873 1.0216825 0 
201523889 54.61914645 0 
201523896 2.75854275 0 
201523931 0.71517775 0 
201523935 44.19798495 0 
201523940 30.95697975 0 
201523998 64.05949275 0 
201524012 53.67919855 0 
201524025 39.1508734 0 
201524033 53.31139285 0 
201524052 62.83347375 0 
201524106 43.9323475 0 
201524177 25.97116915 0 
201524226 61.0148789 0 
201524263 28.50494175 0 
201524311 51.26802785 0 
201524316 32.1216978 0 
201524360 64.6929359 0 
201524509 7.49914955 0 
201524519 30.650475 0 
201524536 3.4328532 0 
201524571 30.241802 0 
201524660 29.015783 0 
201524762 42.3385228 0 
201524782 48.3051486 0 
201524941 0.9808152 0 
201524971 31.16131625 0 
201524979 53.47486205 0 
201525085 30.5687404 0 
201525106 11.91281795 0 
201525217 56.6012105 0 
201525258 62.7313055 0 
201525262 59.19628405 0 
201525319 48.97945905 0 
201525460 59.97276275 0 
201525463 26.37984215 0 
201525490 61.3418173 0 
201525503 34.0424609 0 
201525512 43.2376034 0 
201525588 5.8031566 0 
201525613 49.6537695 0 
201525614 28.1575697 0 
201525624 64.3659975 0 
201525633 29.56749155 0 
201525699 25.43989425 0 
201525706 0.3678057 0 
201525773 39.9682194 0 
201525793 28.9749157 0 
201525794 17.42990345 0 
201526018 53.4135611 0 
201526047 31.0182807 0 
201526083 57.7046276 0 
201526121 53.944836 0 
201526159 48.9998927 0 
201526193 44.95403 0 
201526289 36.8623046 0 
201526297 50.32807995 0 
201526344 6.19139595 0 
201526361 43.25803705 0 
201526382 39.37564355 0 
201526415 5.0266779 0 
201526457 31.4269537 0 
201526475 56.2742721 0 
201526578 59.11454945 0 
201526593 38.0474563 0 
201526688 24.21387525 0 
201526700 31.52912195 0 
201526725 11.6471805 0 
201526729 1.40992185 0 
201526868 63.6303861 0 
201526898 61.3418173 0 
201526904 40.11125495 0 
201526935 39.4369445 0 
201526947 57.92939775 0 
201527039 37.61834965 0 
201527070 22.82438705 0 
201527108 53.35226015 0 
201527174 61.5870211 0 
201527188 43.01283325 0 
201527200 17.4503371 0 
201527211 28.198437 0 
201527217 20.57668555 0 
201527483 33.65422155 0 
201527506 1.6755593 0 
201527688 53.76093315 0 
201527777 32.7347073 0 
201527806 21.63923535 0 
201527817 63.2625804 0 
201527837 61.7504903 0 
201527845 55.43649245 0 
201527847 46.3026509 0 
201527900 47.91690925 0 
201527932 49.04076 0 
201528047 45.6896414 0 
201528135 43.6871437 0 
201528215 33.08207935 0 
201528388 28.70927825 0 
201528410 39.8456175 0 
201528440 5.66012105 0 
201528556 57.64332665 0 
201528607 51.4110634 0 
201528633 50.0215752 0 
201528726 64.570334 0 
201528783 49.87853965 0 
201528834 59.15541675 0 
201528877 36.6579681 0 
201528923 59.5027888 0 
201528925 48.8364235 0 
201528941 37.1483757 0 
201529013 58.70587645 0 
201529098 57.64332665 0 
201529149 59.27801865 0 
201529173 36.371897 0 
201529207 14.28312135 0 
201529234 49.9807079 0 
201529237 34.328532 0 
201529241 26.155072 0 
201529268 20.2293135 0 
201529284 35.98365765 0 
201529344 56.33557305 0 
201529375 26.42070945 0 
201529541 50.6345847 0 
201529614 56.1108029 0 
201529669 33.08207935 0 
201529674 37.8022525 0 
201529690 46.5069874 0 
201529716 51.75843545 0 
201529739 11.5654459 0 
201529801 57.5820257 0 
201529838 37.45488045 0 
201530296 9.25644345 0 
201530556 29.97616455 0 
201530606 38.7013331 0 
201530616 50.3076463 0 
201530627 48.16211305 0 
201530733 32.38733525 0 
201530837 51.02282405 0 
201530839 38.2109255 0 
201530873 40.60166255 0 
201530934 36.0449586 0 
201530966 56.6829451 0 
201530988 1.6755593 0 
201531012 48.28471495 0 
201531058 29.2201195 0 
201531063 43.319338 0 
201531149 44.64752525 0 
201531167 28.30060525 0 
201531185 39.33477625 0 
201531253 61.4644192 0 
201531324 45.6487741 0 
201531358 36.84187095 0 
201531385 27.9123659 0 
201531389 30.241802 0 
201531392 33.20468125 0 
201531404 58.5219736 0 
201531435 39.3143426 0 
201531459 54.2717744 0 
201531522 31.7538921 0 
201531525 2.34986975 0 
201531536 18.45158595 0 
201531578 53.84266775 0 
201531643 8.72516855 0 
201531658 31.48825465 0 
201531672 52.8005516 0 
201531712 39.53911275 0 
201531895 60.83097605 0 
201531924 18.2268158 0 
201531949 46.89522675 0 
201532145 60.1975329 0 
201532149 68.6161967 0 
201532172 50.04200885 0 
201532189 36.39233065 0 
201532234 50.49154915 0 
201532242 32.8981765 0 
201532249 40.2951578 0 
201532251 50.53241645 0 
201532270 65.4285473 0 
201532310 51.7788691 0 
201532365 43.1558688 0 
201532369 36.2901624 0 
201532390 30.650475 0 
201532397 29.5470579 0 
201532493 3.04461385 0 
201532570 61.44398555 0 
201532592 38.43569565 0 
201532644 57.19378635 0 
201532725 14.4261569 0 
201532727 28.7297119 0 
201532783 48.6729543 0 
201532788 39.9682194 0 
201532791 49.38813205 0 
201532814 49.0816273 0 
201532819 23.92780415 0 
201532881 3.8823935 0 
201532902 1.73686025 0 
201532921 14.77352895 0 
201533010 31.0182807 0 
201533161 22.7222188 0 
201533164 19.5754367 0 
201533219 17.4912044 0 
201533299 35.1050107 0 
201533375 12.68929665 0 
201533398 5.66012105 0 
201533467 41.29640665 0 
201533482 55.4977934 0 
201533588 59.27801865 0 
201533621 4.96537695 0 
201533656 38.0474563 0 
201533707 59.89102815 0 
201533733 35.12544435 0 
201533741 39.3552099 0 
201533770 34.7780723 0 
201533786 50.266779 0 
201533871 3.53502145 0 
201533892 35.82018845 0 
201533963 67.0632393 0 
201534002 15.6930432 0 
201534061 15.75434415 0 
201534115 9.58338185 0 
201534197 52.1875421 0 
201534215 47.87604195 0 
201534234 47.4878026 0 
201534238 28.2393043 0 
201534275 34.4511339 0 
201534277 22.068342 0 
201534352 0.9399479 0 
201534356 44.72925985 0 
201534372 48.223414 0 
201534397 1.04211615 0 
201534398 38.35396105 0 
201534414 21.63923535 0 
201534458 16.2243181 0 
201534497 47.9782102 0 
201534548 29.52662425 0 
201534575 29.1383849 0 
201534610 52.90271985 0 
201534615 9.58338185 0 
201534617 48.6729543 0 
201534695 18.32898405 0 
201534742 23.8665032 0 
201534754 41.4394422 0 
201534873 5.9257585 0 
201534958 68.96356875 0 
201534983 50.77762025 0 
201535193 7.5604505 0 
201535195 67.24714215 0 
201535216 11.38154305 0 
201535234 49.7763714 0 
201535238 38.7422004 0 
201535255 51.30889515 0 
201535281 26.4411431 0 
201535292 50.69588565 0 
201535313 50.77762025 0 
201535316 27.789764 0 
201535333 28.1167024 0 
201535363 35.7588875 0 
201535455 42.72676215 0 
201535478 45.2809684 0 
201535497 63.344315 0 
201535523 36.8214373 0 
201535528 1.9616304 0 
201535533 42.23635455 0 
201535535 16.4695219 0 
201535676 19.616304 0 
201535793 61.0148789 0 
201535799 37.9248544 0 
201535813 0.8990806 0 
201535830 43.99364845 0 
201535841 28.99534935 0 
201535920 63.9164572 0 
201535942 30.4461385 0 
201535960 2.6155072 0 
201536011 62.46566805 0 
201536080 44.23885225 0 
201536117 44.27971955 0 
201536157 50.90022215 0 
201536214 9.5629482 0 
201536226 59.15541675 0 
201536254 48.89772445 0 
201536378 47.26303245 0 
201536379 55.55909435 0 
201536382 0.55170855 0 
201536401 54.74174835 0 
201536413 54.3126417 0 
201536421 49.0816273 0 
201536439 7.41741495 0 
201536541 35.61585195 0 
201536564 43.2784707 0 
201536565 63.93689085 0 
201536589 55.3751915 0 
201536727 48.3868832 0 
201536734 31.65172385 0 
201536793 52.1058075 0 
201536823 9.1542752 0 
201536877 40.0908213 0 
201536900 28.46407445 0 
201536914 52.65751605 0 
201536938 50.81848755 0 
201536956 0.63344315 0 
201537001 46.56828835 0 
201537041 49.42899935 0 
201537058 57.19378635 0 
201537069 44.3818878 0 
201537160 26.8089488 0 
201537170 47.22216515 0 
201537240 23.51913115 0 
201537258 59.0532485 0 
201537300 2.4111707 0 
201537352 1.77772755 0 
201537385 36.4536316 0 
201537478 42.9923996 0 
201537512 59.0532485 0 
201537560 22.2726785 0 
201537563 47.8556083 0 
201537661 26.74764785 0 
201537734 43.05370055 0 
201537804 48.4686178 0 
201537835 63.11954485 0 
201537837 53.84266775 0 
201537894 22.94698895 0 
201538012 37.6387833 0 
201538123 49.4903003 0 
201538190 55.92690005 0 
201538330 1.634692 0 
201538331 51.02282405 0 
201538343 38.3743947 0 
201538383 1.0216825 0 
201538452 31.73345845 0 
201538502 37.8431198 0 
201538513 33.16381395 0 
201538521 20.6379865 0 
201538530 63.44648325 0 
201538574 65.3059454 0 
201538623 38.9056696 0 
201538674 42.31808915 0 
201538689 38.39482835 0 
201538704 48.8364235 0 
201538786 54.9256512 0 
201538806 66.6954336 0 
201538840 14.81439625 0 
201538912 43.4828072 0 
201538913 17.2051333 0 
201538943 63.8347226 0 
201538959 22.9674226 0 
201539120 31.9173613 0 
201539233 28.3619062 0 
201539394 38.5378639 0 
201539426 58.17460155 0 
201539427 63.5895188 0 
201539437 40.2542905 0 
201539444 28.83188015 0 
201539461 42.9923996 0 
201539480 37.7613852 0 
201539527 58.440239 0 
201539528 38.1700582 0 
201539548 55.3751915 0 
201539568 5.04711155 0 
201539596 49.1224946 0 
201539622 41.1533711 0 
201539692 49.7355041 0 
201539700 13.50664265 0 
201539906 50.77762025 0 
201539984 56.805547 0 
201540010 57.5820257 0 
201540013 0.817346 0 
201540015 2.4929053 0 
201540023 1.90032945 0 
201540073 51.39062975 0 
201540078 47.67170545 0 
201540096 21.6188017 0 
201540121 57.35725555 0 
201540125 31.5904229 0 
201540156 30.99784705 0 
201540171 2.0842323 0 
201540176 49.5720349 0 
201540191 30.5278731 0 
201540227 47.9782102 0 
201540231 14.2218204 0 
201540235 57.47985745 0 
201540350 47.0382623 0 
201540370 43.6462764 0 
201540432 22.9674226 0 
201540448 60.58577225 0 
201540568 49.8172387 0 
201540573 59.07368215 0 
201540671 50.08287615 0 
201540722 33.32728315 0 
201540742 3.3511186 0 
201540753 61.07617985 0 
201540809 28.9749157 0 
201540872 31.65172385 0 
201540909 48.69338795 0 
201541056 62.7313055 0 
201541080 38.1700582 0 
201541088 34.6963377 0 
201541124 34.4511339 0 
201541132 0.8582133 0 
201541176 36.18799415 0 
201541306 54.1900398 0 
201541331 56.2334048 0 
201541372 31.73345845 0 
201541374 40.1316886 0 
201541405 38.6195985 0 
201541490 32.14213145 0 
201541507 38.64003215 0 
201541545 67.81928435 0 
201541551 56.00863465 0 
201541578 38.7422004 0 
201541648 35.9223567 0 
201541693 50.94108945 0 
201541709 49.4903003 0 
201541864 2.75854275 0 
201541945 17.0007968 0 
201541968 32.4486362 0 
201542012 42.84936405 0 
201542065 49.0816273 0 
201542078 34.3693993 0 
201542079 23.64173305 0 
201542120 54.08787155 0 
201542151 36.9440392 0 
201542178 54.353509 0 
201542348 4.06629635 0 
201542473 19.39153385 0 
201542498 45.99614615 0 
201542500 5.4353509 0 
201542672 63.36474865 0 
201542681 53.76093315 0 
201542712 49.3268311 0 
201542741 32.9799111 0 
201542772 48.32558225 0 
201542786 66.06199045 0 
201542845 48.36644955 0 
201542972 30.67090865 0 
201542987 50.0215752 0 
201543032 49.449433 0 
201543036 59.5845234 0 
201543049 63.69168705 0 
201543067 33.08207935 0 
201543068 13.54750995 0 
201543112 0.75604505 0 
201543120 46.44568645 0 
201543135 13.7722801 0 
201543145 50.3485136 0 
201543209 50.00114155 0 
201543265 34.96197515 0 
201543381 67.839718 0 
201543389 34.47156755 0 
201543417 39.00783785 0 
201543440 43.74844465 0 
201543448 55.4160588 0 
201543460 55.39562515 0 
201543478 56.86684795 0 
201543485 63.44648325 0 
201543531 38.35396105 0 
201543543 1.65512565 0 
201543647 64.9381397 0 
201543666 56.13123655 0 
201543747 54.762182 0 
201543887 20.0658443 0 
201543899 36.63753445 0 
201543915 14.9574318 0 
201543923 35.1050107 0 
201544056 20.16801255 0 
201544153 61.1783481 0 
201544184 28.8523138 0 
201544188 34.2467974 0 
201544234 23.47826385 0 
201544312 23.4986975 0 
201544338 61.4644192 0 
201544345 51.75843545 0 
201544429 52.41231225 0 
201544462 66.7363009 0 
201544466 7.66261875 0 
201544481 4.2501992 0 
201544557 24.49994635 0 
201544561 31.48825465 0 
201544585 14.52832515 0 
201544604 65.81678665 0 
201544662 49.2859638 0 
201544694 46.93609405 0 
201544741 53.96526965 0 
201544755 28.4845081 0 
201544790 40.1316886 0 
201544820 1.81859485 0 
201544966 55.76343085 0 
201545003 49.30639745 0 
201545022 38.27222645 0 
201545057 44.5862243 0 
201545109 58.29720345 0 
201545177 23.4578302 0 
201545182 63.03781025 0 
201545266 38.415262 0 
201545467 56.90771525 0 
201545473 32.59167175 0 
201545535 53.59746395 0 
201545555 61.5461538 0 
201545587 4.6588722 0 
201545596 65.2242108 0 
201545755 47.79430735 0 
201545764 27.2993564 0 
201545789 42.31808915 0 
201545796 18.36985135 0 
201545798 56.3151394 0 
201545865 50.5119828 0 
201545874 52.1875421 0 
201546003 42.5428593 0 
201546101 49.30639745 0 
201546119 61.1374808 0 
201546129 1.28731995 0 
201546136 66.5728317 0 
201546147 62.99694295 0 
201546153 17.5320717 0 
201546231 57.84766315 0 
201546258 52.20797575 0 
201546283 38.35396105 0 
201546286 21.63923535 0 
201546309 50.2259117 0 
201546311 32.9390438 0 
201546361 35.145878 0 
201546385 30.99784705 0 
201546415 28.7705792 0 
201546486 48.9181581 0 
201546542 48.44818415 0 
201546558 9.66511645 0 
201546626 29.85356265 0 
201546633 49.5311676 0 
201546634 24.86775205 0 
201546673 43.66671005 0 
201546708 26.74764785 0 
201546717 53.8631014 0 
201546848 12.5462611 0 
201546966 51.3293288 0 
201546971 56.0290683 0 
201546988 41.0307692 0 
201547054 35.69758655 0 
201547086 22.885688 0 
201547099 54.7213147 0 
201547117 55.19128865 0 
201547174 58.91021295 0 
201547189 13.894882 0 
201547192 16.65342475 0 
201547268 61.2600827 0 
201547390 12.68929665 0 
201547421 27.4219583 0 
201547494 59.7479926 0 
201547499 28.5662427 0 
201547591 35.145878 0 
201547636 68.6979313 0 
201547688 45.95527885 0 
201547709 25.4603279 0 
201547732 38.14962455 0 
201547799 34.30809835 0 
201547813 11.87195065 0 
201547907 1.81859485 0 
201548097 9.01123965 0 
201548099 15.6113086 0 
201548118 50.5119828 0 
201548146 2.71767545 0 
201548167 63.2625804 0 
201548193 31.77432575 0 
201548208 26.8498161 0 
201548210 53.7404995 0 
201548253 14.07878485 0 
201548302 41.50074315 0 
201548326 24.6838492 0 
201548347 59.3393196 0 
201548363 1.00124885 0 
201548396 45.362703 0 
201548402 8.23476095 0 
201548498 62.6087036 0 
201548509 59.4619215 0 
201548526 53.63833125 0 
201548568 40.72426445 0 
201548654 29.56749155 0 
201548698 44.19798495 0 
201548762 50.8389212 0 
201548872 16.5921238 0 
201548893 47.5286699 0 
201548927 63.36474865 0 
201548929 26.82938245 0 
201548970 35.1050107 0 
201548985 64.570334 0 
201549014 39.45737815 0 
201549099 62.99694295 0 
201549106 9.37904535 0 
201549108 66.0415568 0 
201549119 32.4077689 0 
201549132 65.89852125 0 
201549135 27.27892275 0 
201549157 46.2617836 0 
201549223 52.90271985 0 
201549251 46.3843855 0 
201549271 30.46657215 0 
201549313 38.31309375 0 
201549332 50.5119828 0 
201549353 28.3619062 0 
201549388 28.5662427 0 
201549399 59.9523291 0 
201549423 48.4686178 0 
201549425 35.5954183 0 
201549464 8.19389365 0 
201549487 56.94858255 0 
201549557 59.9114618 0 
201549562 40.7855654 0 
201549567 47.2017315 0 
201549575 63.0173766 0 
201549591 47.2017315 0 
201549618 38.92610325 0 
201549624 60.83097605 0 
201549639 55.9064664 0 
201549755 24.9699203 0 
201549805 43.2376034 0 
201549844 38.27222645 0 
201549846 20.5971192 0 
201549860 21.0875268 0 
201549874 35.2684799 0 
201549898 61.9548268 0 
201549902 53.67919855 0 
201549997 26.4411431 0 
201550007 49.18379555 0 
201550034 48.69338795 0 
201550039 15.59087495 0 
201550054 49.06119365 0 
201550058 6.15052865 0 
201550065 22.94698895 0 
201550127 26.42070945 0 
201550129 38.1291909 0 
201550176 61.36225095 0 
201550214 37.0666411 0 
201550225 27.5445602 0 
201550238 62.6087036 0 
201550335 15.120901 0 
201550345 48.4686178 0 
201550372 44.77012715 0 
201550381 66.51153075 0 
201550394 53.18879095 0 
201550650 49.51073395 0 
201550666 38.8648023 0 
201550682 36.14712685 0 
201550740 39.3552099 0 
201550792 1.57339105 0 
201550830 54.5987128 0 
201550880 30.54830675 0 
201550925 48.57078605 0 
201550926 57.23465365 0 
201550963 54.6804474 0 
201551019 53.3318265 0 
201551037 55.96776735 0 
201551051 37.3935795 0 
201551056 61.52572015 0 
201551061 38.02702265 0 
201551067 38.006589 0 
201551101 41.684646 0 
201551111 40.0908213 0 
201551157 63.16041215 0 
201551172 16.0199816 0 
201551174 31.73345845 0 
201551206 18.77852435 0 
201551243 49.4903003 0 
201551253 47.75344005 0 
201551320 51.47236435 0 
201551480 13.8131474 0 
201551494 37.04620745 0 
201551612 34.79850595 0 
201551614 36.0040913 0 
201551615 54.6804474 0 
201551616 57.47985745 0 
201551635 36.78057 0 
201551699 60.95357795 0 
201551710 22.74265245 0 
201551755 22.00704105 0 
201551861 55.6612626 0 
201551874 2.92201195 0 
201551885 64.979007 0 
201551948 41.8481152 0 
201552008 7.62175145 0 
201552015 17.14383235 0 
201552030 30.5687404 0 
201552079 49.14292825 0 
201552126 33.85855805 0 
201552141 65.38768 0 
201552159 7.29481305 0 
201552263 57.72506125 0 
201552304 30.1600674 0 
201552452 37.0257738 0 
201552473 56.6829451 0 
201552491 30.75264325 0 
201552644 52.49404685 0 
201552711 31.20218355 0 
201552760 29.64922615 0 
201552817 59.3393196 0 
201552819 63.3034477 0 
201552825 35.00284245 0 
201552857 52.1058075 0 
201552908 52.20797575 0 
201552917 47.8964756 0 
201552921 55.96776735 0 
201552928 49.96027425 0 
201552947 13.4453417 0 
201553007 0.87864695 0 
201553150 39.57998005 0 
201553176 2.452038 0 
201553181 53.02532175 0 
201553291 7.90782255 0 
201553364 65.93938855 0 
201553371 17.2051333 0 
201553373 18.00204565 0 
201553392 13.1184033 0 
201553399 26.2776739 0 
201553434 54.90521755 0 
201553468 31.16131625 0 
201553474 28.8931811 0 
201553494 50.04200885 0 
201553507 33.32728315 0 
201553523 23.1717591 0 
201553546 32.50993715 0 
201553565 4.55670395 0 
201553579 69.3518081 0 
201553606 46.73175755 0 
201553704 61.44398555 0 
201553710 62.7721728 0 
201553739 61.9139595 0 
201553740 6.10966135 0 
201553756 29.73096075 0 
201553805 46.77262485 0 
201553833 4.9449433 0 
201553901 33.3477168 0 
201553946 1.3486209 0 
201553975 34.55330215 0 
201554003 65.81678665 0 
201554062 59.0941158 0 
201554063 29.93529725 0 
201554069 68.96356875 0 
201554072 64.46816575 0 
201554127 56.5603432 0 
201554141 15.4069721 0 
201554153 65.93938855 0 
201554167 34.47156755 0 
201554259 0.8582133 0 
201554276 9.8898866 0 
201554311 66.3276279 0 
201554331 47.95777655 0 
201554344 54.6395801 0 
201554349 38.02702265 0 
201554363 17.2460006 0 
201554392 55.92690005 0 
201554463 1.4712228 0 
201554498 47.6104045 0 
201554534 38.3335274 0 
201554548 62.118296 0 
201554549 60.2384002 0 
201554556 49.3268311 0 
201554698 59.0532485 0 
201554710 34.4102666 0 
201554715 65.5102819 0 
201554792 53.1683573 0 
201554820 52.1466748 0 
201554843 49.0816273 0 
201554962 38.5378639 0 
201555061 32.22386605 0 
201555080 48.57078605 0 
201555188 53.4544284 0 
201555197 55.51822705 0 
201555229 50.3076463 0 
201555237 32.6121054 0 
201555274 54.37394265 0 
201555326 49.10206095 0 
201555356 47.406068 0 
201555357 45.30140205 0 
201555362 17.26643425 0 
201555398 33.89942535 0 
201555481 61.2192154 0 
201555492 58.25633615 0 
201555553 10.9933037 0 
201555556 41.9298498 0 
201555563 28.0349678 0 
201555575 60.91271065 0 
201555626 46.73175755 0 
201555662 65.1424762 0 
201555672 4.43410205 0 
201555721 52.0649402 0 
201555743 56.21297115 0 
201555855 49.46986665 0 
201555864 11.25894115 0 
201555883 10.2576923 0 
201555895 49.46986665 0 
201555994 26.66591325 0 
201556015 26.8906834 0 
201556073 51.88103735 0 
201556130 34.5737358 0 
201556134 59.72755895 0 
201556186 38.31309375 0 
201556191 48.89772445 0 
201556240 44.3001532 0 
201556279 22.62005055 0 
201556341 54.6804474 0 
201556367 38.14962455 0 
201556390 23.1717591 0 
201556398 11.9741189 0 
201556548 61.48485285 0 
201556569 32.6121054 0 
201556576 59.5027888 0 
201556581 62.30219885 0 
201556617 64.54990035 0 
201556625 54.86435025 0 
201556646 19.10546275 0 
201556682 38.7013331 0 
201556844 53.55659665 0 
201556886 61.0557462 0 
201556965 31.81519305 0 
201557018 36.5353662 0 
201557065 58.5219736 0 
201557162 2.71767545 0 
201557176 61.07617985 0 
201557243 30.95697975 0 
201557318 26.5228777 0 
201557349 62.38393345 0 
201557527 62.2000306 0 
201557547 33.77682345 0 
201557565 38.64003215 0 
201557597 63.7938553 0 
201557618 62.3634998 0 
201557637 69.4335427 0 
201557691 61.1374808 0 
201557730 44.0958167 0 
201557790 47.6921391 0 
201557802 1.90032945 0 
201557803 69.29050715 0 
201557832 33.2251149 0 
201557838 67.16540755 0 
201557896 60.74924145 0 
201558016 44.23885225 0 
201558091 34.43070025 0 
201558095 23.0900245 0 
201558102 35.04370975 0 
201558184 30.5687404 0 
201558219 3.53502145 0 
201558244 16.32648635 0 
201558285 47.8964756 0 
201558446 38.3743947 0 
201558451 9.3586117 0 
201558532 54.0265706 0 
201558657 15.67260955 0 
201558713 35.2684799 0 
201558749 2.2068342 0 
201558789 63.4669169 0 
201558807 64.8972724 0 
201558881 50.81848755 0 
201558900 21.39403155 0 
201558912 38.27222645 0 
201558917 7.29481305 0 
201558931 34.79850595 0 
201558932 20.2701808 0 
201558967 0.9808152 0 
201559007 45.99614615 0 
201559042 29.69009345 0 
201559113 0.7356114 0 
201559168 63.7121207 0 
201559194 7.1926448 0 
201559218 0.5721422 0 
201559259 29.7922617 0 
201559290 55.64082895 0 
201559380 62.4861017 0 
201559392 65.8780876 0 
201559397 43.9732148 0 
201559410 22.08877565 0 
201559456 40.68339715 0 
201559498 67.61494785 0 
201559536 32.2442997 0 
201559645 40.2951578 0 
201559655 1.04211615 0 
201559685 32.5303708 0 
201559840 38.27222645 0 
201559882 32.6121054 0 
201559924 48.77512255 0 
201559948 38.14962455 0 
201559982 65.93938855 0 
201560006 53.72006585 0 
201560039 26.05290375 0 
201560041 32.0399632 0 
201560062 64.6520686 0 
201560083 60.70837415 0 
201560105 47.6104045 0 
201560130 52.4736132 0 
201560161 33.28641585 0 
201560202 15.2435029 0 
201560277 18.24724945 0 
201560303 30.4870058 0 
201560309 42.97196595 0 
201560323 37.0666411 0 
201560371 31.5495556 0 
201560392 49.83767235 0 
201560393 49.02032635 0 
201560400 46.8747931 0 
201560411 15.2843702 0 
201560437 0.67431045 0 
201560470 60.62663955 0 
201560488 2.75854275 0 
201560605 54.45567725 0 
201560633 57.3776892 0 
201560707 48.08037845 0 
201560713 59.1349831 0 
201560773 31.1408826 0 
201560820 59.4210542 0 
201560883 8.4186638 0 
201560918 39.53911275 0 
201560966 32.6529727 0 
201560971 58.86934565 0 
201561005 11.3611094 0 
201561102 56.0290683 0 
201561146 4.43410205 0 
201561203 55.9473337 0 
201561225 0.51084125 0 
201561227 49.51073395 0 
201561228 54.78261565 0 
201561253 68.67749765 0 
201561267 35.7588875 0 
201561269 63.2625804 0 
201561356 4.43410205 0 
201561375 47.9782102 0 
201561380 38.02702265 0 
201561389 62.9765093 0 
201561443 44.56579065 0 
201561514 33.89942535 0 
201561526 64.67250225 0 
201561566 3.4737205 0 
201561571 69.08617065 0 
201561700 39.33477625 0 
201561815 6.4161661 0 
201561838 51.63583355 0 
201561861 37.2301103 0 
201561906 42.1341863 0 
201561956 15.6930432 0 
201561977 33.3068495 0 
201561978 43.7688783 0 
201561979 39.62084735 0 
201561986 65.1833435 0 
201562004 29.19968585 0 
201562090 36.4536316 0 
201562099 31.059148 0 
201562108 61.4235519 0 
201562129 39.7638829 0 
201562151 53.0866227 0 
201562246 49.6946368 0 
201562312 38.72176675 0 
201562318 14.81439625 0 
201562403 9.33817805 0 
201562437 35.8814894 0 
201562502 31.1817499 0 
201562506 65.5920165 0 
201562526 26.78851515 0 
201562553 26.972418 0 
201562560 30.4461385 0 
201562673 30.38483755 0 
201562722 38.2109255 0 
201562772 34.2059301 0 
201562778 60.483604 0 
201562817 38.4969966 0 
201562888 20.78102205 0 
201563047 35.73845385 0 
201563112 40.07038765 0 
201563122 38.31309375 0 
201563123 39.6821483 0 
201563137 29.03621665 0 
201563164 1.4712228 0 
201563177 30.22136835 0 
201563196 48.7955562 0 
201563305 38.19049185 0 
201563364 45.1583665 0 
201563386 55.4160588 0 
201563398 41.6029114 0 
201563411 1.8798958 0 
201563426 66.26632695 0 
201563434 55.6203953 0 
201563438 59.5845234 0 
201563514 0.4904076 0 
201563518 1.81859485 0 
201563520 28.13713605 0 
201563612 60.5244713 0 
201563625 52.45317955 0 
201563627 52.9231535 0 
201563639 23.39652925 0 
201563767 2.6972418 0 
201563861 61.709623 0 
201563944 2.26813515 0 
201564058 41.0716365 0 
201564107 61.07617985 0 
201564149 0.67431045 0 
201564151 45.95527885 0 
201564197 58.9715139 0 
201564223 21.3327306 0 
201564277 38.9056696 0 
201564280 41.78681425 0 
201564286 1.3894882 0 
201564315 39.9682194 0 
201564411 37.98615535 0 
201564576 46.93609405 0 
201564595 3.5145878 0 
201564647 1.634692 0 
201564704 54.25134075 0 
201564814 29.77182805 0 
201564851 2.3703034 0 
201564858 39.00783785 0 
201565009 9.09297425 0 
201565013 33.7563898 0 
201565020 12.3010573 0 
201565028 45.8531106 0 
201565067 28.30060525 0 
201565113 1.69599295 0 
201565147 52.3510113 0 
201565154 62.0365614 0 
201565156 35.86105575 0 
201565185 28.1575697 0 
201565223 1.20558535 0 
201565252 36.51493255 0 
201565292 62.01612775 0 
201565314 54.61914645 0 
201565322 32.67340635 0 
201565360 63.03781025 0 
201565415 55.35475785 0 
201565430 49.8989733 0 
201565620 60.38143575 0 
201565622 41.3985749 0 
201565695 11.5245786 0 
201565701 58.54240725 0 
201565728 0.5312749 0 
201565862 66.1232914 0 
201565869 57.76592855 0 
201565873 1.1034171 0 
201565875 38.02702265 0 
201565901 7.54001685 0 
201565915 63.97775815 0 
201565918 22.21137755 0 
201566026 46.2209163 0 
201566029 48.9998927 0 
201566032 66.613699 0 
201566047 41.95028345 0 
201566055 2.6155072 0 
201566059 27.0950199 0 
201566169 59.40062055 0 
201566173 33.3477168 0 
201566177 22.7222188 0 
201566196 55.4569261 0 
201566205 45.62834045 0 
201566243 64.30469655 0 
201566320 64.18209465 0 
201566345 52.1058075 0 
201566390 59.76842625 0 
201566477 1.77772755 0 
201566493 32.14213145 0 
201566537 55.0073858 0 
201566550 61.1374808 0 
201566573 44.44318875 0 
201566598 40.6629635 0 
201566629 24.7655838 0 
201566637 48.81598985 0 
201566640 30.54830675 0 
201566669 24.41821175 0 
201566686 34.8189396 0 
201566716 42.68589485 0 
201566753 69.16790525 0 
201566789 64.5294667 0 
201566814 57.19378635 0 
201566845 61.15791445 0 
201566972 16.12214985 0 
201566997 34.06289455 0 
201567032 67.00193835 0 
201567153 50.81848755 0 
201567162 42.1750536 0 
201567184 38.88523595 0 
201567229 20.1067116 0 
201567280 34.10376185 0 
201567302 32.6121054 0 
201567351 48.24384765 0 
201567389 64.9381397 0 
201567452 0.8582133 0 
201567476 3.61675605 0 
201567490 1.65512565 0 
201567500 37.74095155 0 
201567521 42.56329295 0 
201567599 45.6079068 0 
201567628 56.1108029 0 
201567637 9.50164725 0 
201567658 53.6996322 0 
201567698 67.7579834 0 
201567700 33.89942535 0 
201567710 21.18969505 0 
201567750 48.3868832 0 
201567753 52.65751605 0 
201567768 2.6155072 0 
201567780 54.6804474 0 
201567796 4.7406068 0 
201567820 30.3235366 0 
201567824 49.55160125 0 
201567839 2.0024977 0 
201567884 41.7663806 0 
201567894 31.61085655 0 
201567909 31.3043518 0 
201567916 45.4035703 0 
201567930 35.45238275 0 
201567934 51.9832056 0 
201567972 30.0783328 0 
201567994 2.67680815 0 
201568138 48.1825467 0 
201568240 31.65172385 0 
201568276 50.04200885 0 
201568312 51.901471 0 
201568358 61.2192154 0 
201568374 40.458627 0 
201568453 23.4986975 0 
201568498 5.4353509 0 
201568522 53.27052555 0 
201568606 49.7763714 0 
201568623 38.31309375 0 
201568682 31.97866225 0 
201568726 34.14462915 0 
201568770 44.23885225 0 
201568776 50.00114155 0 
201568836 25.1333895 0 
201568848 26.7272142 0 
201568856 49.22466285 0 
201568860 29.2609868 0 
201568936 33.2251149 0 
201568951 38.72176675 0 
201568952 35.963224 0 
201568962 41.3168403 0 
201568979 30.9365461 0 
201568981 53.88353505 0 
201568998 2.0024977 0 
201569024 47.5286699 0 
201569043 61.19878175 0 
201569078 65.1833435 0 
201569147 33.85855805 0 
201569180 47.95777655 0 
201569184 63.3034477 0 
201569239 45.5261722 0 
201569240 32.06039685 0 
201569249 62.58826995 0 
201569290 21.31229695 0 
201569295 39.8456175 0 
201569299 58.1133006 0 
201569319 36.96447285 0 
201569329 63.56908515 0 
201569336 36.47406525 0 
201569460 46.15961535 0 
201569466 28.6479773 0 
201569483 4.67930585 0 
201569506 57.60245935 0 
201569543 23.5804321 0 
201569548 61.7913576 0 
201569567 30.42570485 0 
201569701 49.6946368 0 
201569761 48.2642813 0 
201569762 49.8172387 0 
201569814 17.02123045 0 
201569858 37.86355345 0 
201569866 55.68169625 0 
201569890 34.9415415 0 
201569895 52.3510113 0 
201569901 36.9031719 0 
201569902 61.28051635 0 
201569965 57.35725555 0 
201570004 53.96526965 0 
201570006 7.74435335 0 
201570054 66.34806155 0 
201570076 47.05869595 0 
201570096 59.0941158 0 
201570232 7.8873889 0 
201570332 4.08673 0 
201570334 38.10875725 0 
201570378 45.1583665 0 
201570399 30.0374655 0 
201570438 38.3335274 0 
201570572 39.82518385 0 
201570635 38.27222645 0 
201570673 40.07038765 0 
201570676 37.4344468 0 
201570716 51.3701961 0 
201570756 42.3793901 0 
201570834 61.64832205 0 
201570870 30.54830675 0 
201570932 61.73005665 0 
201570933 48.20298035 0 
201570988 64.8972724 0 
201571086 1.73686025 0 
201571106 17.87944375 0 
201571143 15.2026356 0 
201571160 38.9465369 0 
201571173 35.0232761 0 
201571178 34.4920012 0 
201571230 37.5570487 0 
201571335 39.7230156 0 
201571352 32.79600825 0 
201571445 30.58917405 0 
201571460 44.64752525 0 
201571484 60.4427367 0 
201571535 39.00783785 0 
201571546 40.11125495 0 
201571570 49.67420315 0 
201571581 34.9415415 0 
201571666 23.76433495 0 
201571675 28.70927825 0 
201571780 32.0399632 0 
201571807 31.3452191 0 
201571821 53.944836 0 
201571822 49.7355041 0 
201571880 5.8440239 0 
201571881 35.65671925 0 
201571941 5.7622893 0 
201571947 14.0174839 0 
201571980 55.10955405 0 
201572046 33.4703187 0 
201572080 43.46237355 0 
201572083 20.6788538 0 
201572088 59.60495705 0 
201572250 22.29311215 0 
201572259 41.21467205 0 
201572282 5.721422 0 
201572314 34.1650628 0 
201572338 30.7322096 0 
201572358 68.248391 0 
201572374 37.7613852 0 
201572448 61.8322249 0 
201572450 21.1692614 0 
201572455 49.7355041 0 
201572473 45.17880015 0 
201572512 40.60166255 0 
201572556 30.3235366 0 
201572572 38.2517928 0 
201572573 44.0958167 0 
201572583 13.87444835 0 
201572611 62.67000455 0 
201572686 30.5278731 0 
201572719 28.30060525 0 
201572722 1.61425835 0 
201572747 65.5511492 0 
201572853 16.2243181 0 
201572912 12.1784554 0 
201572915 37.9657217 0 
201572968 30.241802 0 
201572975 32.50993715 0 
201572994 27.07458625 0 
201573015 30.54830675 0 
201573090 57.0098835 0 
201573126 54.45567725 0 
201573195 45.8531106 0 
201573223 51.88103735 0 
201573234 51.2475942 0 
201573276 49.79680505 0 
201573323 9.6855501 0 
201573325 0.4904076 0 
201573374 28.01453415 0 
201573400 25.5829298 0 
201573406 54.8847839 0 
201573408 54.08787155 0 
201573485 38.43569565 0 
201573492 58.05199965 0 
201573512 9.58338185 0 
201573516 42.0115844 0 
201573616 29.5879252 0 
201573652 37.2709776 0 
201573675 38.68089945 0 
201573680 53.4135611 0 
201573694 65.0198743 0 
201573730 36.14712685 0 
201573823 61.03531255 0 
201573828 56.25383845 0 
201573835 1.8390285 0 
201573890 54.2309071 0 
201573891 19.5345694 0 
201573920 37.4753141 0 
201573954 46.0983144 0 
201573973 63.5077842 0 
201573982 23.02872355 0 
201574020 58.9715139 0 
201574036 36.96447285 0 
201574051 37.29141125 0 
201574066 60.70837415 0 
201574085 59.15541675 0 
201574124 18.69678975 0 
201574163 27.9941005 0 
201574185 36.371897 0 
201574206 40.35645875 0 
201574216 65.24464445 0 
201574267 26.05290375 0 
201574307 36.0449586 0 
201574336 49.5720349 0 
201574338 46.56828835 0 
201574348 59.7071253 0 
201574376 61.9548268 0 
201574436 67.20627485 0 
201574482 37.98615535 0 
201574502 0.8582133 0 
201574507 16.4286546 0 
201574542 7.5195832 0 
201574569 49.9398406 0 
201574591 57.5002911 0 
201574712 49.6946368 0 
201574848 55.1299877 0 
201574852 40.11125495 0 
201574856 26.54331135 0 
201574919 32.59167175 0 
201574940 30.9365461 0 
201574966 2.14553325 0 
201575131 40.84686635 0 
201575169 17.8181428 0 
201575179 64.34556385 0 
201575185 64.38643115 0 
201575190 55.51822705 0 
201575205 55.6612626 0 
201575208 32.79600825 0 
201575272 68.657064 0 
201575310 32.30560065 0 
201575322 37.5161814 0 
201575387 60.29970115 0 
201575492 49.59246855 0 
201575502 49.2450965 0 
201575537 5.1084125 0 
201575595 20.49495095 0 
201575646 26.155072 0 
201575740 31.0182807 0 
201575746 27.85106495 0 
201575802 34.6146031 0 
201575803 52.94358715 0 
201575905 63.44648325 0 
201575961 65.28551175 0 
201575979 17.164266 0 
201576018 55.2117223 0 
201576023 62.9765093 0 
201576200 33.7563898 0 
201576206 16.2243181 0 
201576287 60.74924145 0 
201576291 0.91951425 0 
201576303 62.91520835 0 
201576325 25.72596535 0 
201576360 44.136684 0 
201576364 39.98865305 0 
201576392 38.19049185 0 
201576438 30.4870058 0 
201576519 63.24214675 0 
201576584 5.5170855 0 
201576592 60.09536465 0 
201576603 47.22216515 0 
201576743 50.08287615 0 
201576793 61.7913576 0 
201576808 39.17130705 0 
201576812 5.29231535 0 
201576814 28.34147255 0 
201576829 53.6178976 0 
201576853 63.0582439 0 
201576864 33.98115995 0 
201576873 67.3901777 0 
201576884 59.85016085 0 
201576918 49.3268311 0 
201576966 65.0607416 0 
201576968 39.7638829 0 
201576996 15.38653845 0 
201577017 0.46997395 0 
201577035 41.82768155 0 
201577055 27.9532332 0 
201577109 59.85016085 0 
201577112 34.38983295 0 
201577125 47.67170545 0 
201577163 54.53741185 0 
201577203 54.00613695 0 
201577218 58.9715139 0 
201577219 65.44898095 0 
201577272 2.47247165 0 
201577286 54.6804474 0 
201577295 29.69009345 0 
201577299 53.2500919 0 
201577306 27.11545355 0 
201577314 62.67000455 0 
201577323 20.3110481 0 
201577364 31.69259115 0 
201577406 61.7913576 0 
201577411 48.9998927 0 
201577531 3.12634845 0 
201577545 15.67260955 0 
201577546 34.0424609 0 
201577725 63.0991112 0 
201577739 44.19798495 0 
201577795 30.6913423 0 
201577851 61.19878175 0 
201577854 53.22965825 0 
201577879 27.72846305 0 
201577945 53.8631014 0 
201577960 28.4845081 0 
201577977 55.88603275 0 
201578061 11.9332516 0 
201578067 40.1316886 0 
201578097 30.18050105 0 
201578098 21.92530645 0 
201578132 8.19389365 0 
201578138 14.69179435 0 
201578166 44.03451575 0 
201578185 3.78022525 0 
201578200 26.972418 0 
201578208 57.27552095 0 
201578244 64.161661 0 
201578247 9.9307539 0 
201578268 25.9098682 0 
201578279 43.5645418 0 
201578301 8.11215905 0 
201578352 54.2309071 0 
201578361 44.97446365 0 
201578435 58.37893805 0 
201578462 60.21796655 0 
201578556 46.03701345 0 
201578601 36.43319795 0 
201578618 58.95108025 0 
201578658 65.6737511 0 
201578709 52.90271985 0 
201578747 31.059148 0 
201578852 60.483604 0 
201578890 24.82688475 0 
201579028 35.49325005 0 
201579075 51.22716055 0 
201579138 52.73925065 0 
201579157 61.5870211 0 
201579194 58.8080447 0 
201579214 37.8839871 0 
201579252 27.52412655 0 
201579284 61.32138365 0 
201579311 47.5286699 0 
201579363 1.7572939 0 
201579399 49.63333585 0 
201579400 16.0608489 0 
201579456 35.65671925 0 
201579481 30.30310295 0 
201579484 50.4711155 0 
201579502 38.2109255 0 
201579583 3.678057 0 
201579585 28.5253754 0 
201579626 54.1083052 0 
201579693 1.28731995 0 
201579763 50.32807995 0 
201579766 49.6129022 0 
201579804 18.69678975 0 
201579807 54.16960615 0 
201579934 46.0574471 0 
201579942 46.11874805 0 
201579958 27.36065735 0 
201579971 58.440239 0 
201579973 49.3268311 0 
201580008 66.6545663 0 
201580077 66.87933645 0 
201580083 19.7389059 0 
201580145 38.31309375 0 
201580160 55.7021299 0 
201580162 1.0216825 0 
201580168 54.74174835 0 
201580251 42.35895645 0 
201580271 50.73675295 0 
201580341 30.87524515 0 
201580360 35.5136837 0 
201580363 38.59916485 0 
201580383 43.87104655 0 
201580391 30.1600674 0 
201580412 52.7596843 0 
201580460 57.4185565 0 
201580463 37.9657217 0 
201580467 26.5228777 0 
201580469 34.92110785 0 
201580518 47.2834661 0 
201580640 1.7164266 0 
201580692 41.25553935 0 
201580722 21.63923535 0 
201580804 39.49824545 0 
201580844 41.275973 0 
201580962 30.30310295 0 
201581057 36.6171008 0 
201581060 28.83188015 0 
201581144 47.83517465 0 
201581152 5.33318265 0 
201581167 53.2092246 0 
201581169 32.69384 0 
201581180 31.07958165 0 
201581208 58.5219736 0 
201581255 34.5737358 0 
201581354 51.59496625 0 
201581383 32.18299875 0 
201581418 51.5336653 0 
201581429 29.85356265 0 
201581547 26.3594085 0 
201581555 47.5695372 0 
201581632 49.67420315 0 
201581685 34.51243485 0 
201581710 1.73686025 0 
201581724 1.69599295 0 
201581768 41.13293745 0 
201581792 41.3577076 0 
201581804 52.53491415 0 
201581813 29.2609868 0 
201581836 36.4536316 0 
201581865 66.6545663 0 
201581877 60.34056845 0 
201581946 28.7297119 0 
201581985 50.0215752 0 
201581993 35.04370975 0 
201582006 57.7863622 0 
201582075 48.4277505 0 
201582104 12.73016395 0 
201582159 0.71517775 0 
201582168 38.31309375 0 
201582234 10.60506435 0 
201582259 62.4043671 0 
201582279 32.63253905 0 
201582291 36.1675605 0 
201582292 47.87604195 0 
201582449 34.26723105 0 
201582518 30.241802 0 
201582566 49.67420315 0 
201582573 49.83767235 0 
201582614 34.30809835 0 
201582744 38.6195985 0 
201582783 50.16461075 0 
201582789 49.2450965 0 
201582826 1.7981612 0 
201582850 62.17959695 0 
201582877 62.9765093 0 
201582904 5.7622893 0 
201582933 58.8080447 0 
201582952 25.9916028 0 
201582961 38.27222645 0 
201582972 30.67090865 0 
201582999 22.6813515 0 
201583000 54.3943763 0 
201583033 49.8989733 0 
201583066 53.84266775 0 
201583091 30.3235366 0 
201583218 44.68839255 0 
201583334 45.6487741 0 
201583372 36.0858259 0 
201583400 29.44488965 0 
201583405 52.98445445 0 
201583417 1.73686025 0 
201583475 35.6771529 0 
201583507 35.3093472 0 
201583513 39.641281 0 
201583517 28.9749157 0 
201583527 46.77262485 0 
201583545 60.05449735 0 
201583607 4.14803095 0 
201583620 65.69418475 0 
201583665 18.98286085 0 
201583679 27.9532332 0 
201583688 50.3893809 0 
201583728 15.2026356 0 
201583760 43.99364845 0 
201583770 54.9256512 0 
201583776 49.1224946 0 
201583790 69.0248697 0 
201583796 1.20558535 0 
201583889 29.0566503 0 
201583910 42.89023135 0 
201584004 24.94948665 0 
201584014 57.1733527 0 
201584039 54.2717744 0 
201584087 44.9131627 0 
201584118 48.4686178 0 
201584140 1.4303555 0 
201584148 48.97945905 0 
201584221 63.8347226 0 
201584223 3.0241802 0 
201584224 52.6779497 0 
201584255 10.0124885 0 
201584260 33.20468125 0 
201584294 45.9348452 0 
201584313 25.19469045 0 
201584315 51.14542595 0 
201584369 50.5528501 0 
201584402 49.9398406 0 
201584408 33.16381395 0 
201584458 55.64082895 0 
201584499 64.4885994 0 
201584503 48.2642813 0 
201584545 38.06788995 0 
201584594 2.92201195 0 
201584613 39.82518385 0 
201584681 62.1591633 0 
201584873 66.10285775 0 
201584926 33.77682345 0 
201585056 39.70258195 0 
201585062 1.40992185 0 
201585071 55.7838645 0 
201585079 57.68419395 0 
201585087 41.29640665 0 
201585113 45.362703 0 
201585232 27.89193225 0 
201585247 41.3985749 0 
201585250 48.36644955 0 
201585283 65.48984825 0 
201585290 46.4252528 0 
201585363 8.64343395 0 
201585403 4.3319338 0 
201585421 42.7471958 0 
201585479 53.4135611 0 
201585482 52.57578145 0 
201585567 23.2534937 0 
201585603 30.6096077 0 
201585623 53.12749 0 
201585678 39.74344925 0 
201585684 31.03871435 0 
201585688 18.2268158 0 
201585752 10.89113545 0 
201585758 26.8089488 0 
201585767 42.84936405 0 
201585816 4.3319338 0 
201585823 1.4303555 0 
201585826 5.25144805 0 
201585857 67.36974405 0 
201585871 16.08128255 0 
201585885 47.1199969 0 
201585922 47.99864385 0 
201585972 41.1942384 0 
201585981 27.44239195 0 
201586111 38.0474563 0 
201586114 69.7604811 0 
201586219 11.50414495 0 
201586232 36.8214373 0 
201586247 55.9473337 0 
201586311 0.5312749 0 
201586322 26.99285165 0 
201586333 39.3960772 0 
201586348 58.62414185 0 
201586359 63.16041215 0 
201586451 2.2068342 0 
201586479 39.1917407 0 
201586565 38.31309375 0 
201586571 31.32478545 0 
201586583 20.2701808 0 
201586649 15.63174225 0 
201586667 48.20298035 0 
201586673 61.52572015 0 
201586702 19.5345694 0 
201586751 3.69849065 0 
201586814 34.22636375 0 
201586988 28.60711 0 
201586992 54.25134075 0 
201587025 34.43070025 0 
201587026 67.90101895 0 
201587047 46.9156604 0 
201587075 28.46407445 0 
201587155 45.50573855 0 
201587162 46.40481915 0 
201587197 46.03701345 0 
201587236 27.5445602 0 
201587249 67.65581515 0 
201587266 52.2692767 0 
201587305 1.9207631 0 
201587320 35.4728164 0 
201587382 54.94608485 0 
201587415 67.3493104 0 
201587420 3.0650475 0 
201587445 13.95618295 0 
201587499 29.3427214 0 
201587506 36.14712685 0 
201587539 38.27222645 0 
201587668 51.1249923 0 
201587715 5.21058075 0 
201587722 28.09626875 0 
201587754 12.19888905 0 
201587770 52.6779497 0 
201587779 19.0441618 0 
201587834 30.8956788 0 
201587912 59.3393196 0 
201587967 40.6629635 0 
201587982 40.6220962 0 
201588004 10.27812595 0 
201588035 45.62834045 0 
201588109 21.3327306 0 
201588147 53.51572935 0 
201588155 66.47066345 0 
201588166 20.1475789 0 
201588190 54.00613695 0 
201588233 32.59167175 0 
201588318 57.72506125 0 
201588373 2.59507355 0 
201588415 59.1758504 0 
201588418 17.59337265 0 
201588420 38.5378639 0 
201588545 64.7338032 0 
201588562 37.8022525 0 
201588646 48.632087 0 
201588656 45.95527885 0 
201588671 35.0641434 0 
201588741 65.9598222 0 
201588771 30.0783328 0 
201588798 65.7554857 0 
201588953 55.9064664 0 
201588988 50.12374345 0 
201589091 35.57498465 0 
201589110 30.09876645 0 
201589146 23.11045815 0 
201589194 61.19878175 0 
201589218 11.79021605 0 
201589246 59.6253907 0 
201589262 62.75173915 0 
201589264 56.2742721 0 
201589348 9.91032025 0 
201589427 56.4377413 0 
201589445 48.08037845 0 
201589580 37.1075084 0 
201589586 36.4944989 0 
201589656 32.0808305 0 
201589658 0.91951425 0 
201589730 13.05710235 0 
201589736 37.74095155 0 
201589738 30.1600674 0 
201589778 46.73175755 0 
201589794 40.68339715 0 
201589814 49.5311676 0 
201589906 51.30889515 0 
201589913 16.5103892 0 
201589968 30.650475 0 
201589971 4.1684646 0 
201589979 10.0124885 0 
201590023 46.44568645 0 
201590024 55.9473337 0 
201590032 54.2309071 0 
201590033 62.8539074 0 
201590171 30.241802 0 
201590174 62.30219885 0 
201590229 1.61425835 0 
201590237 22.49744865 0 
201590293 11.6880478 0 
201590303 41.9707171 0 
201590306 30.75264325 0 
201590307 54.98695215 0 
201590328 1.7572939 0 
201590371 47.34476705 0 
201590397 54.4352436 0 
201590443 35.04370975 0 
201590466 31.4269537 0 
201590490 67.1449739 0 
201590566 32.1216978 0 
201590630 7.21307845 0 
201590641 28.50494175 0 
201590650 62.38393345 0 
201590711 60.46317035 0 
201590725 54.98695215 0 
201590752 50.90022215 0 
201590753 51.96277195 0 
201590795 67.00193835 0 
201590857 43.4419399 0 
201590881 28.34147255 0 
201590885 49.63333585 0 
201590886 58.01113235 0 
201590951 66.8180355 0 
201590985 67.12454025 0 
201591002 41.21467205 0 
201591059 41.13293745 0 
201591090 28.09626875 0 
201591094 58.46067265 0 
201591176 47.6921391 0 
201591227 27.72846305 0 
201591315 28.1167024 0 
201591331 48.16211305 0 
201591332 38.2109255 0 
201591397 51.0023904 0 
201591403 47.4469353 0 
201591406 22.9265553 0 
201591418 35.94279035 0 
201591424 0.71517775 0 
201591441 21.35316425 0 
201591493 64.7746705 0 
201591545 63.60995245 0 
201591561 43.78931195 0 
201591603 30.26223565 0 
201591733 17.87944375 0 
201591743 54.08787155 0 
201591765 40.1725559 0 
201591792 65.6737511 0 
201591793 61.0557462 0 
201591838 1.1442844 0 
201591842 11.1976402 0 
201591867 62.09786235 0 
201592003 30.5278731 0 
201592061 63.52821785 0 
201592111 31.89692765 0 
201592145 44.60665795 0 
201592165 54.25134075 0 
201592177 51.2475942 0 
201592218 12.9958014 0 
201592238 50.12374345 0 
201592240 15.5704413 0 
201592246 15.59087495 0 
201592262 41.0307692 0 
201592300 62.58826995 0 
201592328 51.47236435 0 
201592358 68.7796659 0 
201592360 1.08298345 0 
201592381 38.2926601 0 
201592382 69.04530335 0 
201592402 62.0774287 0 
201592408 61.6687557 0 
201592429 18.6763561 0 
201592476 51.7788691 0 
201592484 43.1558688 0 
201592510 12.0149862 0 
201592585 28.13713605 0 
201592609 37.6796506 0 
201592614 65.6737511 0 
201592672 47.71257275 0 
201592707 9.3177444 0 
201592734 53.27052555 0 
201592737 25.03122125 0 
201592750 49.67420315 0 
201592764 38.59916485 0 
201592801 38.51743025 0 
201592815 60.2792675 0 
201592830 8.3777965 0 
201592832 9.99205485 0 
201592852 66.30719425 0 
201592858 64.4068648 0 
201592891 57.5411584 0 
201592910 37.8431198 0 
201592923 33.1842476 0 
201592942 48.24384765 0 
201593000 42.11375265 0 
201593063 62.62913725 0 
201593082 24.13214065 0 
201593123 16.8373276 0 
201593141 69.08617065 0 
201593189 35.0641434 0 
201593190 35.145878 0 
201593200 29.833129 0 
201593239 31.97866225 0 
201593241 4.31150015 0 
201593263 13.4044744 0 
201593291 63.56908515 0 
201593296 31.56998925 0 
201593312 58.2767698 0 
201593402 44.7088262 0 
201593445 44.23885225 0 
201593533 0.87864695 0 
201593566 41.82768155 0 
201593629 58.78761105 0 
201593650 60.50403765 0 
201593658 44.0140821 0 
201593699 25.48076155 0 
201593700 45.1992338 0 
201593707 33.0207784 0 
201593709 37.7613852 0 
201593758 1.16471805 0 
201593810 36.22886145 0 
201593817 50.7571866 0 
201593852 47.4469353 0 
201593902 61.0148789 0 
201593928 44.68839255 0 
201594008 31.467821 0 
201594025 41.4803095 0 
201594052 40.3360251 0 
201594114 33.08207935 0 
201594129 67.4719123 0 
201594171 55.64082895 0 
201594205 0.87864695 0 
201594215 49.7763714 0 
201594234 56.0699356 0 
201594239 51.71756815 0 
201594246 38.10875725 0 
201594277 49.2450965 0 
201594285 30.05789915 0 
201594327 34.328532 0 
201594348 64.1207937 0 
201594380 59.44148785 0 
201594426 33.85855805 0 
201594472 41.5211768 0 
201594537 64.8564051 0 
201594593 67.28800945 0 
201594647 51.3701961 0 
201594672 33.65422155 0 
201594716 62.67000455 0 
201594753 47.9782102 0 
201594793 58.4811063 0 
201594816 25.76683265 0 
201594823 1.08298345 0 
201594900 15.9791143 0 
201594980 35.90192305 0 
201594986 48.5094851 0 
201594992 14.36485595 0 
201595011 56.13123655 0 
201595038 62.22046425 0 
201595095 37.78181885 0 
201595111 3.269384 0 
201595166 43.05370055 0 
201595213 61.28051635 0 
201595235 63.5895188 0 
201595401 51.4519307 0 
201595562 41.78681425 0 
201595624 34.9415415 0 
201595699 26.4820104 0 
201595757 61.5052865 0 
201595781 62.6904382 0 
201595795 33.2251149 0 
201595813 49.34726475 0 
201595819 45.91441155 0 
201595877 61.9139595 0 
201595951 60.6470732 0 
201595971 61.23964905 0 
201595980 56.86684795 0 
201596050 8.23476095 0 
201596065 59.1758504 0 
201596099 46.32308455 0 
201596101 57.8272295 0 
201596105 59.2984523 0 
201596143 49.3268311 0 
201596148 51.84017005 0 
201596161 50.00114155 0 
201596181 42.80849675 0 
201596227 64.46816575 0 
201596231 64.3251302 0 
201596238 48.28471495 0 
201596316 43.66671005 0 
201596324 31.61085655 0 
201596347 33.73595615 0 
201596367 34.0833282 0 
201596379 14.11965215 0 
201596458 63.5077842 0 
201596465 7.82608795 0 
201596534 57.0507508 0 
201596590 54.94608485 0 
201596600 47.46736895 0 
201596602 32.91861015 0 
201596667 55.39562515 0 
201596686 60.79010875 0 
201596715 51.5745326 0 
201596733 6.68180355 0 
201596742 64.42729845 0 
201596863 47.2834661 0 
201596872 32.71427365 0 
201596927 53.43399475 0 
201596949 31.52912195 0 
201596964 34.9415415 0 
201596966 48.9998927 0 
201597022 29.7922617 0 
201597033 0.6947441 0 
201597077 27.7488967 0 
201597081 54.2717744 0 
201597099 51.75843545 0 
201597155 46.40481915 0 
201597187 62.99694295 0 
201597256 25.4194606 0 
201597331 28.66841095 0 
201597364 53.6587649 0 
201597447 38.27222645 0 
201597457 26.29810755 0 
201597538 6.27313055 0 
201597610 46.24134995 0 
201597612 32.67340635 0 
201597642 66.5728317 0 
201597673 33.16381395 0 
201597684 24.929053 0 
201597690 54.6395801 0 
201597706 17.47077075 0 
201597726 44.48405605 0 
201597754 29.77182805 0 
201597769 59.1758504 0 
201597777 40.7855654 0 
201597852 20.33148175 0 
201597869 62.95607565 0 
201597889 25.6237971 0 
201597919 34.7780723 0 
201597954 9.41991265 0 
201597992 43.50324085 0 
201597999 27.6262948 0 
201598053 36.18799415 0 
201598105 34.38983295 0 
201598192 32.67340635 0 
201598290 1.45078915 0 
201598327 18.7172234 0 
201598381 49.51073395 0 
201598434 53.35226015 0 
201598441 55.02781945 0 
201598456 55.8655991 0 
201598519 6.47746705 0 
201598550 65.1833435 0 
201598634 64.50903305 0 
201598637 61.56658745 0 
201598642 43.87104655 0 
201598649 32.87774285 0 
201598672 35.08457705 0 
201598714 56.33557305 0 
201598723 34.26723105 0 
201598732 1.00124885 0 
201598736 65.73505205 0 
201598739 3.82109255 0 
201598796 17.18469965 0 
201598854 48.61165335 0 
201598898 57.9089641 0 
201598912 38.7422004 0 
201598925 21.5370671 0 
201599033 33.28641585 0 
201599049 5.8031566 0 
201599061 36.47406525 0 
201599158 53.06618905 0 
201599262 65.4694146 0 
201599269 10.31899325 0 
201599275 36.06539225 0 
201599307 45.09706555 0 
201599308 59.5027888 0 
201599396 48.89772445 0 
201599452 47.2017315 0 
201599453 43.01283325 0 
201599489 57.0916181 0 
201599504 28.01453415 0 
201599644 47.14043055 0 
201599645 19.7797732 0 
201599754 41.2351057 0 
201599755 44.4636224 0 
201599797 63.752988 0 
201599861 36.1675605 0 
201599937 4.0049954 0 
201599938 32.7755746 0 
201599953 24.45907905 0 
201599980 38.3743947 0 
