201200015 51.34976245 0 
201200043 4.2910665 0 
201200149 58.74674375 0 
201200222 60.62663955 0 
201200335 47.42650165 0 
201200370 2.6563745 0 
201200410 25.9098682 0 
201200466 32.26473335 0 
201200478 3.20808305 0 
201200531 2.1659669 0 
201200561 36.6988354 0 
201200567 1.7981612 0 
201200613 50.40981455 0 
201200653 41.8481152 0 
201200659 9.62424915 0 
201200688 30.75264325 0 
201200706 22.90612165 0 
201200709 29.833129 0 
201200826 50.0215752 0 
201200834 55.27302325 0 
201200861 25.84856725 0 
201201072 60.66750685 0 
201201176 1.8798958 0 
201201221 24.74515015 0 
201201252 51.1249923 0 
201201292 32.0808305 0 
201201339 61.4644192 0 
201201348 38.823935 0 
201201365 64.83597145 0 
201201385 64.4068648 0 
201201584 35.3910818 0 
201201596 42.35895645 0 
201201605 30.30310295 0 
201201743 33.20468125 0 
201201816 59.666258 0 
201201907 52.310144 0 
201201917 4.06629635 0 
201201981 64.6520686 0 
201202023 18.1859485 0 
201202065 61.5052865 0 
201202105 30.2826693 0 
201202188 29.9965982 0 
201202200 30.46657215 0 
201202215 34.75763865 0 
201202219 33.8789917 0 
201202230 21.39403155 0 
201202258 14.8756972 0 
201202307 1.85946215 0 
201202322 25.76683265 0 
201202343 70.5778271 0 
201202388 38.84436865 0 
201202432 1.65512565 0 
201202436 26.8906834 0 
201202449 33.08207935 0 
201202491 63.03781025 0 
201202609 2.34986975 0 
201202614 20.842323 0 
201202640 2.22726785 0 
201202648 59.64582435 0 
201202674 18.28811675 0 
201202685 4.3319338 0 
201202758 68.35055925 0 
201202768 49.34726475 0 
201202882 25.27642505 0 
201202888 32.5712381 0 
201202889 50.9206558 0 
201202892 60.8514097 0 
201203093 42.52242565 0 
201203097 3.5554551 0 
201203108 54.1491725 0 
201203138 11.50414495 0 
201203174 54.1491725 0 
201203179 38.7013331 0 
201203224 48.4277505 0 
201203266 59.0123812 0 
201203275 33.36815045 0 
201203297 30.5687404 0 
201203333 32.4895035 0 
201203389 26.4411431 0 
201203394 26.155072 0 
201203402 35.90192305 0 
201203425 32.3260343 0 
201203472 37.1483757 0 
201203495 60.25883385 0 
201203535 42.7063285 0 
201203579 46.03701345 0 
201203581 32.3260343 0 
201203595 33.77682345 0 
201203625 33.61335425 0 
201203630 17.8590101 0 
201203683 38.35396105 0 
201203726 37.41401315 0 
201203742 64.30469655 0 
201203827 16.1425835 0 
201203847 26.4411431 0 
201203897 11.8106497 0 
201203954 25.88943455 0 
201203955 58.3993717 0 
201203957 22.6404842 0 
201204001 61.36225095 0 
201204005 44.0958167 0 
201204043 50.57328375 0 
201204068 58.6037082 0 
201204069 62.71087185 0 
201204133 65.7554857 0 
201204238 38.4561293 0 
201204261 50.32807995 0 
201204268 38.27222645 0 
201204284 41.21467205 0 
201204296 60.29970115 0 
201204345 60.50403765 0 
201204466 45.54660585 0 
201204568 52.04450655 0 
201204571 57.6637603 0 
201204580 35.554551 0 
201204582 61.03531255 0 
201204584 38.39482835 0 
201204655 36.2492951 0 
201204677 1.5529574 0 
201204690 20.94449125 0 
201204712 60.66750685 0 
201204715 38.88523595 0 
201204782 62.22046425 0 
201204794 24.7655838 0 
201204808 43.21716975 0 
201204810 29.3835887 0 
201204860 4.9449433 0 
201204883 38.23135915 0 
201204926 63.36474865 0 
201204929 34.5328685 0 
201204973 47.54910355 0 
201205007 18.08378025 0 
201205065 65.16290985 0 
201205279 11.50414495 0 
201205315 31.16131625 0 
201205335 32.2034324 0 
201205461 54.78261565 0 
201205469 8.97037235 0 
201205589 33.102513 0 
201205590 40.1725559 0 
201205604 37.7205179 0 
201205648 0.71517775 0 
201205655 5.53751915 0 
201205683 63.16041215 0 
201205692 34.63503675 0 
201205704 49.0816273 0 
201205741 42.84936405 0 
201205787 37.0257738 0 
201205818 47.406068 0 
201205935 61.85265855 0 
201205945 60.5244713 0 
201205972 18.3085504 0 
201206091 1.16471805 0 
201206209 32.26473335 0 
201206308 50.0215752 0 
201206321 66.02112315 0 
201206350 35.3910818 0 
201206360 68.2075237 0 
201206370 67.4719123 0 
201206449 62.9765093 0 
201206470 7.8465216 0 
201206483 26.5228777 0 
201206487 31.2634845 0 
201206496 49.34726475 0 
201206519 33.65422155 0 
201206520 49.1224946 0 
201206538 50.69588565 0 
201206559 27.4628256 0 
201206565 48.0190775 0 
201206607 2.860711 0 
201206618 50.0624425 0 
201206621 34.3693993 0 
201206645 35.4728164 0 
201206674 1.45078915 0 
201206730 2.452038 0 
201206743 2.6155072 0 
201206759 33.3477168 0 
201206766 64.3251302 0 
201206773 52.45317955 0 
201206776 63.07867755 0 
201206795 1.81859485 0 
201206797 48.61165335 0 
201206823 27.93279955 0 
201206891 33.3068495 0 
201206979 38.415262 0 
201207010 58.95108025 0 
201207066 32.3260343 0 
201207133 1.3486209 0 
201207151 41.74594695 0 
201207184 44.60665795 0 
201207188 61.7504903 0 
201207197 37.8839871 0 
201207211 59.3801869 0 
201207272 51.8606037 0 
201207296 63.6712534 0 
201207303 33.4294514 0 
201207315 6.27313055 0 
201207332 38.1700582 0 
201207333 20.69928745 0 
201207384 62.8539074 0 
201207397 54.4352436 0 
201207407 50.73675295 0 
201207428 49.34726475 0 
201207445 34.34896565 0 
201207487 57.3776892 0 
201207634 49.75593775 0 
201207642 47.83517465 0 
201207669 58.95108025 0 
201207683 7.5604505 0 
201207760 37.6796506 0 
201207781 36.9849065 0 
201207802 48.73425525 0 
201207812 52.0649402 0 
201207854 61.3826846 0 
201207958 63.44648325 0 
201207970 35.2276126 0 
201207974 49.79680505 0 
201208060 39.5186791 0 
201208094 1.5938247 0 
201208113 18.20638215 0 
201208142 61.73005665 0 
201208212 15.6113086 0 
201208350 53.88353505 0 
201208421 35.1867453 0 
201208428 48.44818415 0 
201208431 56.6829451 0 
201208433 38.3743947 0 
201208496 46.40481915 0 
201208499 64.79510415 0 
201208525 62.09786235 0 
201208527 54.2309071 0 
201208542 46.3843855 0 
201208557 59.80929355 0 
201208734 2.5337726 0 
201208769 62.6087036 0 
201208812 39.74344925 0 
201208832 48.65252065 0 
201208858 24.2343089 0 
201208875 34.51243485 0 
201208882 50.7163193 0 
201208937 52.78011795 0 
201208950 60.8105424 0 
201209090 33.511186 0 
201209123 49.0816273 0 
201209205 42.27722185 0 
201209207 66.8180355 0 
201209234 61.2600827 0 
201209247 4.47496935 0 
201209256 52.2692767 0 
201209303 6.6613699 0 
201209521 31.0182807 0 
201209632 34.3693993 0 
201209715 36.4127643 0 
201209721 0.96038155 0 
201209781 50.12374345 0 
201209783 28.5253754 0 
201209802 59.3393196 0 
201209895 44.2592859 0 
201209903 55.55909435 0 
201209949 40.3768924 0 
201209957 34.328532 0 
201209977 59.03281485 0 
201210002 25.8690009 0 
201210041 52.04450655 0 
201210103 45.05619825 0 
201210123 46.2617836 0 
201210135 53.88353505 0 
201210207 48.16211305 0 
201210247 45.09706555 0 
201210268 13.4453417 0 
201210358 1.04211615 0 
201210404 52.24884305 0 
201210415 43.09456785 0 
201210424 47.2425988 0 
201210448 34.06289455 0 
201210451 1.3894882 0 
201210476 56.6420778 0 
201210516 40.458627 0 
201210527 61.36225095 0 
201210548 62.2408979 0 
201210574 34.83937325 0 
201210616 19.9841097 0 
201210629 48.9998927 0 
201210674 52.41231225 0 
201210714 62.67000455 0 
201210742 29.9965982 0 
201210784 50.9206558 0 
201210800 51.34976245 0 
201210838 43.8914802 0 
201210854 49.04076 0 
201210899 69.45397635 0 
201210901 61.5870211 0 
201210988 31.77432575 0 
201211036 54.61914645 0 
201211051 49.9807079 0 
201211081 45.87354425 0 
201211098 30.75264325 0 
201211117 22.8448207 0 
201211139 47.2834661 0 
201211197 48.3460159 0 
201211315 61.1374808 0 
201211360 56.98944985 0 
201211472 46.8339258 0 
201211476 38.43569565 0 
201211550 5.2718817 0 
201211565 64.50903305 0 
201211631 32.8981765 0 
201211635 15.14133465 0 
201211636 62.8130401 0 
201211646 64.46816575 0 
201211673 4.51583665 0 
201211688 68.30969195 0 
201211774 2.860711 0 
201211805 10.3394269 0 
201211836 41.6437787 0 
201211856 1.1034171 0 
201211859 51.06369135 0 
201212084 48.1416794 0 
201212114 65.69418475 0 
201212195 62.118296 0 
201212208 26.7272142 0 
201212229 30.4870058 0 
201212278 37.5570487 0 
201212311 40.76513175 0 
201212340 1.3077536 0 
201212375 64.01862545 0 
201212408 59.19628405 0 
201212414 50.1850444 0 
201212434 62.6495709 0 
201212467 12.6279957 0 
201212469 61.32138365 0 
201212548 21.06709315 0 
201212579 46.40481915 0 
201212675 60.21796655 0 
201212701 57.9906987 0 
201212721 63.3851823 0 
201212772 2.79941005 0 
201212842 42.44069105 0 
201212984 19.88194145 0 
201213033 67.8805853 0 
201213055 9.62424915 0 
201213056 2.39073705 0 
201213064 43.7688783 0 
201213161 54.5578455 0 
201213256 38.6195985 0 
201213277 50.00114155 0 
201213312 34.0015936 0 
201213330 60.46317035 0 
201213399 1.1442844 0 
201213422 49.2042292 0 
201213530 3.61675605 0 
201213564 62.2000306 0 
201213576 60.66750685 0 
201213636 34.2059301 0 
201213692 63.85515625 0 
201213694 60.34056845 0 
201213771 60.9331443 0 
201213779 59.7888599 0 
201213832 21.68010265 0 
201213940 2.06379865 0 
201213965 55.68169625 0 
201213998 62.54740265 0 
201214018 63.4669169 0 
201214043 32.8164419 0 
201214058 61.36225095 0 
201214070 59.7888599 0 
201214194 53.88353505 0 
201214210 14.9574318 0 
201214352 40.4994943 0 
201214378 15.79521145 0 
201214388 54.29220805 0 
201214409 6.0074931 0 
201214429 50.69588565 0 
201214496 0.42910665 0 
201214500 49.3268311 0 
201214521 44.15711765 0 
201214545 21.659669 0 
201214595 65.57158285 0 
201214657 60.09536465 0 
201214691 67.36974405 0 
201214777 34.10376185 0 
201214847 31.24305085 0 
201214859 33.0207784 0 
201214877 61.73005665 0 
201214930 1.0216825 0 
201214943 65.98025585 0 
201214980 43.4419399 0 
201215010 67.1858412 0 
201215289 62.75173915 0 
201215293 55.3751915 0 
201215322 54.353509 0 
201215420 7.78522065 0 
201215467 46.997395 0 
201215537 3.3919859 0 
201215763 33.04121205 0 
201215771 65.5102819 0 
201215777 5.6805547 0 
201215794 53.3318265 0 
201215807 43.74844465 0 
201215811 62.526969 0 
201215828 35.9223567 0 
201215964 38.35396105 0 
201216156 55.2117223 0 
201216200 33.77682345 0 
201216277 13.17970425 0 
201216313 66.1232914 0 
201216349 65.1424762 0 
201216391 14.44659055 0 
201216422 64.95857335 0 
201216445 38.55829755 0 
201216460 66.34806155 0 
201216494 46.7930585 0 
201216611 16.9190622 0 
201216735 34.6554704 0 
201216788 68.26882465 0 
201216811 42.910665 0 
201216855 63.2217131 0 
201216877 65.796353 0 
201216887 63.16041215 0 
201216907 47.83517465 0 
201216921 29.56749155 0 
201217081 30.1600674 0 
201217140 64.91770605 0 
201217167 55.76343085 0 
201217174 53.31139285 0 
201217225 46.0574471 0 
201217278 48.5094851 0 
201217368 49.6946368 0 
201217369 28.0758351 0 
201217382 32.38733525 0 
201217453 42.501992 0 
201217461 35.24804625 0 
201217557 33.4294514 0 
201217609 36.0858259 0 
201217624 30.2826693 0 
201217683 65.5511492 0 
201217711 33.3477168 0 
201217718 2.22726785 0 
201217734 48.36644955 0 
201217829 66.1641587 0 
201217852 67.7171161 0 
201217949 50.36894725 0 
201218098 32.8164419 0 
201218115 27.3402237 0 
201218173 1.00124885 0 
201218177 53.8631014 0 
201218267 31.6312902 0 
201218319 38.92610325 0 
201218526 70.88433185 0 
201218588 29.6696598 0 
201218611 48.32558225 0 
201218662 5.82359025 0 
201218667 1.57339105 0 
201218713 58.848912 0 
201218770 64.2433956 0 
201218774 50.7163193 0 
201218782 47.67170545 0 
201218785 61.5052865 0 
201218827 11.83108335 0 
201218898 14.20138675 0 
201218947 48.12124575 0 
201219006 40.4177597 0 
201219166 41.684646 0 
201219206 60.6470732 0 
201219282 49.1224946 0 
201219384 51.22716055 0 
201219544 42.9923996 0 
201219579 34.5328685 0 
201219660 57.7046276 0 
201219682 42.89023135 0 
201219716 65.0198743 0 
201219733 51.84017005 0 
201219762 30.67090865 0 
201219811 35.7180202 0 
201219817 1.226019 0 
201219822 45.3218357 0 
201219907 36.0040913 0 
201220064 13.894882 0 
201220237 1.634692 0 
201220268 33.81769075 0 
201220311 38.43569565 0 
201220336 35.57498465 0 
201220417 68.75923225 0 
201220442 10.15552405 0 
201220444 57.76592855 0 
201220566 38.5787312 0 
201220657 63.73255435 0 
201220693 45.1583665 0 
201220834 1.94119675 0 
201220837 54.3943763 0 
201220875 49.3268311 0 
201220889 65.77591935 0 
201220907 29.7513944 0 
201221014 31.5086883 0 
201221046 34.2059301 0 
201221054 51.2067269 0 
201221058 0.5312749 0 
201221100 33.1433803 0 
201221128 49.04076 0 
201221146 32.30560065 0 
201221169 22.885688 0 
201221172 33.7563898 0 
201221240 17.2868679 0 
201221355 30.42570485 0 
201221419 30.4052712 0 
201221437 2.26813515 0 
201221489 50.73675295 0 
201221495 34.5737358 0 
201221503 3.61675605 0 
201221597 51.0023904 0 
201221612 50.5119828 0 
201221645 49.34726475 0 
201221659 3.5963224 0 
201221675 2.22726785 0 
201221731 46.7113239 0 
201221779 2.79941005 0 
201221810 32.87774285 0 
201221935 11.6063132 0 
201221996 66.6954336 0 
201222038 19.59587035 0 
201222078 66.47066345 0 
201222128 9.5629482 0 
201222171 33.5929206 0 
201222211 55.7838645 0 
201222222 5.4762182 0 
201222233 66.38892885 0 
201222359 38.4561293 0 
201222389 2.6155072 0 
201222408 38.02702265 0 
201222515 51.43149705 0 
201222543 31.876494 0 
201222593 46.97696135 0 
201222650 22.90612165 0 
201222704 42.68589485 0 
201222893 38.3743947 0 
201222942 61.7504903 0 
201223001 64.6520686 0 
201223037 65.0198743 0 
201223149 60.5653386 0 
201223298 2.0842323 0 
201223317 59.48235515 0 
201223626 56.82598065 0 
201223635 48.44818415 0 
201223762 34.0424609 0 
201223812 63.32388135 0 
201223827 1.81859485 0 
201223927 63.8755899 0 
201224069 68.6161967 0 
201224165 47.0791296 0 
201224192 64.4068648 0 
201224207 52.57578145 0 
201224323 31.07958165 0 
201224429 52.78011795 0 
201224468 57.5002911 0 
201224489 36.2492951 0 
201224542 33.57248695 0 
201224593 26.37984215 0 
201224667 1.16471805 0 
201224875 59.40062055 0 
201224995 21.7005363 0 
201225128 63.44648325 0 
201225190 39.6004137 0 
201225541 34.83937325 0 
201225604 21.68010265 0 
201225636 38.8648023 0 
201225640 67.00193835 0 
201225697 55.9064664 0 
201225808 38.7830677 0 
201225905 0.6947441 0 
201226127 61.3418173 0 
201226143 47.4878026 0 
201226231 46.6704566 0 
201226235 39.3960772 0 
201226279 39.6821483 0 
201226324 5.08797885 0 
201226329 63.40561595 0 
201226380 32.55080445 0 
201226388 32.6529727 0 
201226421 67.77841705 0 
201226468 54.5169782 0 
201226551 2.22726785 0 
201226609 44.44318875 0 
201226617 16.32648635 0 
201226723 42.15461995 0 
201226777 13.8540147 0 
201226808 31.1000153 0 
201226821 32.75514095 0 
201226930 52.49404685 0 
201226945 1.24645265 0 
201226951 27.0541526 0 
201226955 24.94948665 0 
201227016 64.4068648 0 
201227026 57.6637603 0 
201227144 36.8214373 0 
201227253 38.1700582 0 
201227345 63.32388135 0 
201227422 48.9590254 0 
201227448 42.2159209 0 
201227456 0.8582133 0 
201227474 59.97276275 0 
201227561 53.1683573 0 
201227674 38.3335274 0 
201227740 58.6445755 0 
201227874 52.20797575 0 
201228065 56.9281489 0 
201228269 35.45238275 0 
201228421 1.81859485 0 
201228533 18.6354888 0 
201228536 61.89352585 0 
201228539 64.01862545 0 
201228548 57.80679585 0 
201228585 56.8464143 0 
201228728 57.3368219 0 
201228791 33.102513 0 
201228804 2.2068342 0 
201228832 49.75593775 0 
201229022 1.49165645 0 
201229259 66.8589028 0 
201229289 61.2600827 0 
201229313 48.93859175 0 
201229345 56.2334048 0 
201229393 22.8039534 0 
201229550 36.2492951 0 
201229602 67.4719123 0 
201229706 52.16710845 0 
201229770 66.613699 0 
201229801 50.36894725 0 
201229808 53.47486205 0 
201229896 38.4969966 0 
201230010 3.3102513 0 
201230092 30.8548115 0 
201230126 58.70587645 0 
201230145 34.6146031 0 
201230238 27.85106495 0 
201230297 18.7580907 0 
201230332 54.1900398 0 
201230397 49.2859638 0 
201230523 30.30310295 0 
201230540 3.3102513 0 
201230648 70.1282868 0 
201230665 64.83597145 0 
201230689 32.6529727 0 
201230694 36.4127643 0 
201230712 23.39652925 0 
201230738 46.60915565 0 
201230779 29.97616455 0 
201231156 0.9399479 0 
201231387 42.80849675 0 
201231394 0.42910665 0 
201231410 33.36815045 0 
201231462 36.3310297 0 
201231533 61.4235519 0 
201231586 58.54240725 0 
201231699 2.34986975 0 
201231770 2.452038 0 
201231845 60.8105424 0 
201231940 1.40992185 0 
201231945 32.1625651 0 
201231946 62.34306615 0 
201232006 26.2368066 0 
201232016 1.16471805 0 
201232054 36.1675605 0 
201232186 1.9207631 0 
201232255 69.5561446 0 
201232336 2.6563745 0 
201232390 67.0632393 0 
201232438 64.8155378 0 
201232451 32.3669016 0 
201232485 2.75854275 0 
201232543 67.0632393 0 
201232589 61.4644192 0 
201232832 33.28641585 0 
201232937 50.6345847 0 
201233020 38.5787312 0 
201233186 46.28221725 0 
201233196 59.4619215 0 
201233217 65.1016089 0 
201233220 16.98036315 0 
201233342 2.02293135 0 
201233351 65.7146184 0 
201233375 52.0240729 0 
201233437 62.0365614 0 
201233534 30.63004135 0 
201233579 51.3293288 0 
201233802 38.0474563 0 
201233864 51.79930275 0 
201233951 57.80679585 0 
201233954 55.6612626 0 
201233959 46.15961535 0 
201234003 42.84936405 0 
201234024 49.91940695 0 
201234273 69.00443605 0 
201234285 24.78601745 0 
201234383 1.20558535 0 
201234395 34.6554704 0 
201234426 64.01862545 0 
201234439 50.85935485 0 
201234533 46.1391817 0 
201234594 59.8297272 0 
201234609 7.41741495 0 
201234630 32.55080445 0 
201234648 64.71336955 0 
201234711 30.6913423 0 
201234805 50.36894725 0 
201234834 25.5420625 0 
201234915 0.75604505 0 
201234927 28.91361475 0 
201234956 28.198437 0 
201235024 25.746399 0 
201235043 59.3801869 0 
201235178 59.19628405 0 
201235266 21.0875268 0 
201235301 52.82098525 0 
201235342 62.50653535 0 
201235374 49.8172387 0 
201235437 43.21716975 0 
201235500 31.28391815 0 
201235531 61.709623 0 
201235556 34.51243485 0 
201235572 31.69259115 0 
201235617 53.4135611 0 
201235619 44.52492335 0 
201235723 59.0941158 0 
201235750 67.69668245 0 
201235798 52.61664875 0 
201235847 33.40901775 0 
201235921 48.97945905 0 
201235926 32.8573092 0 
201235947 18.86025895 0 
201235991 67.65581515 0 
201236024 3.3102513 0 
201236041 51.18629325 0 
201236111 47.87604195 0 
201236124 32.50993715 0 
201236172 33.7563898 0 
201236182 48.32558225 0 
201236193 70.63912805 0 
201236310 54.82348295 0 
201236397 42.5837266 0 
201236433 64.7746705 0 
201236461 46.7113239 0 
201236518 44.19798495 0 
201236530 33.0207784 0 
201236600 37.7613852 0 
201236654 49.7355041 0 
201236671 55.10955405 0 
201236673 25.64423075 0 
201236695 33.28641585 0 
201236723 29.44488965 0 
201236730 65.1833435 0 
201236740 51.4110634 0 
201236789 52.82098525 0 
201236820 33.36815045 0 
201236999 48.3460159 0 
201237004 62.09786235 0 
201237199 49.2450965 0 
201237203 31.4269537 0 
201237257 28.0758351 0 
201237300 28.30060525 0 
201237334 1.73686025 0 
201237372 52.1058075 0 
201237406 60.34056845 0 
201237416 53.536163 0 
201237478 45.4444376 0 
201237594 62.8539074 0 
201237630 16.98036315 0 
201237728 53.3726938 0 
201237737 24.111707 0 
201237750 0.75604505 0 
201237755 48.65252065 0 
201237838 34.14462915 0 
201237851 19.22806465 0 
201237853 9.6038155 0 
201237890 9.58338185 0 
201237945 3.49415415 0 
201238002 33.00034475 0 
201238038 47.8556083 0 
201238064 59.68669165 0 
201238110 21.27142965 0 
201238163 38.0883236 0 
201238166 39.641281 0 
201238229 11.5654459 0 
201238338 63.8755899 0 
201238386 62.91520835 0 
201238474 67.08367295 0 
201238654 57.19378635 0 
201238699 51.92190465 0 
201238728 29.73096075 0 
201238749 52.8822862 0 
201238756 51.4519307 0 
201238804 61.40311825 0 
201238904 5.53751915 0 
201238932 54.8030493 0 
201238944 3.269384 0 
201238965 44.5044897 0 
201239039 61.11704715 0 
201239166 24.99035395 0 
201239203 52.33057765 0 
201239251 62.34306615 0 
201239253 20.2293135 0 
201239374 42.5428593 0 
201239401 29.8739963 0 
201239433 70.18958775 0 
201239441 38.2109255 0 
201239450 64.3251302 0 
201239501 9.33817805 0 
201239524 59.5436561 0 
201239544 5.66012105 0 
201239605 57.47985745 0 
201239643 49.46986665 0 
201239705 52.3510113 0 
201239746 2.92201195 0 
201239799 43.01283325 0 
201239933 31.8356267 0 
201239963 39.57998005 0 
201239992 48.12124575 0 
201240041 29.89442995 0 
201240084 33.4294514 0 
201240162 64.1207937 0 
201240203 17.79770915 0 
201240217 64.38643115 0 
201240261 49.38813205 0 
201240295 33.16381395 0 
201240380 48.632087 0 
201240414 63.9981918 0 
201240475 63.56908515 0 
201240555 12.6279957 0 
201240630 23.06959085 0 
201240677 65.57158285 0 
201240833 60.74924145 0 
201241002 31.97866225 0 
201241039 36.8214373 0 
201241106 31.5904229 0 
201241159 16.36735365 0 
201241180 34.3693993 0 
201241449 66.67499995 0 
201241483 62.87434105 0 
201241563 52.9640208 0 
201241667 4.2910665 0 
201241714 23.4986975 0 
201241715 7.94868985 0 
201241745 56.00863465 0 
201241758 49.7763714 0 
201241779 49.87853965 0 
201241829 49.7763714 0 
201241851 50.5119828 0 
201241898 65.1016089 0 
201241974 59.2167177 0 
201242012 41.33727395 0 
201242018 49.42899935 0 
201242096 53.0048881 0 
201242138 0.75604505 0 
201242139 32.69384 0 
201242157 58.3585044 0 
201242188 58.9715139 0 
201242302 48.77512255 0 
201242315 33.04121205 0 
201242379 60.2792675 0 
201242435 35.145878 0 
201242487 48.7955562 0 
201242549 62.46566805 0 
201242596 47.05869595 0 
201242621 1.7981612 0 
201242666 66.7771682 0 
201242689 1.0216825 0 
201242695 63.6303861 0 
201242731 28.13713605 0 
201242762 33.1842476 0 
201242879 40.4994943 0 
201242995 58.3585044 0 
201243003 67.5945142 0 
201243013 31.4269537 0 
201243068 67.1858412 0 
201243070 67.20627485 0 
201243222 58.2767698 0 
201243398 3.7189243 0 
201243447 27.4628256 0 
201243461 59.68669165 0 
201243508 54.9665185 0 
201243638 50.6345847 0 
201243674 56.6012105 0 
201243682 66.0006895 0 
201243826 62.91520835 0 
201243850 35.5136837 0 
201243870 63.7938553 0 
201243908 57.5411584 0 
201243922 32.1216978 0 
201243972 47.0382623 0 
201244008 1.5120901 0 
201244251 61.73005665 0 
201244357 1.3894882 0 
201244437 1.4712228 0 
201244456 59.93189545 0 
201244460 52.2692767 0 
201244499 31.8356267 0 
201244514 33.89942535 0 
201244561 32.69384 0 
201244580 52.1875421 0 
201244667 54.37394265 0 
201244747 1.6755593 0 
201244824 33.8789917 0 
201244836 57.2959546 0 
201244843 1.77772755 0 
201244956 51.02282405 0 
201244959 60.95357795 0 
201245001 45.66920775 0 
201245065 51.0023904 0 
201245093 62.22046425 0 
201245178 9.37904535 0 
201245233 66.14372505 0 
201245290 61.6278884 0 
201245303 57.56159205 0 
201245379 49.3676984 0 
201245387 19.10546275 0 
201245474 1.61425835 0 
201245487 45.0766319 0 
201245557 49.5720349 0 
201245559 64.42729845 0 
201245622 4.02542905 0 
201245637 18.61505515 0 
201245705 32.4077689 0 
201245729 26.4820104 0 
201245756 1.04211615 0 
201245781 53.96526965 0 
201245803 63.60995245 0 
201245810 53.7813668 0 
201245914 66.92020375 0 
201245970 48.03951115 0 
201245978 14.6304934 0 
201245982 43.78931195 0 
201246002 12.97536775 0 
201246008 45.83267695 0 
201246021 4.72017315 0 
201246034 60.7288078 0 
201246144 49.30639745 0 
201246146 41.275973 0 
201246159 3.24895035 0 
201246161 1.0625498 0 
201246166 14.03791755 0 
201246202 52.04450655 0 
201246215 23.0900245 0 
201246229 30.50743945 0 
201246230 50.57328375 0 
201246302 34.38983295 0 
201246308 31.2226172 0 
201246338 65.53071555 0 
201246342 66.63413265 0 
201246349 48.3460159 0 
201246403 32.5712381 0 
201246448 61.709623 0 
201246449 33.28641585 0 
201246515 2.9833129 0 
201246528 64.75423685 0 
201246571 35.08457705 0 
201246743 1.16471805 0 
201246763 56.78511335 0 
201246963 1.85946215 0 
201246993 33.81769075 0 
201247003 33.00034475 0 
201247015 55.19128865 0 
201247091 22.37484675 0 
201247124 48.9590254 0 
201247174 65.8372203 0 
201247189 30.46657215 0 
201247194 63.60995245 0 
201247378 41.4803095 0 
201247383 48.03951115 0 
201247470 29.24055315 0 
201247497 4.8223414 0 
201247574 61.23964905 0 
201247635 14.8348299 0 
201247645 44.68839255 0 
201247676 49.75593775 0 
201247685 29.3835887 0 
201247789 49.7763714 0 
201247821 48.85685715 0 
201247890 2.02293135 0 
201247952 29.7105271 0 
201247961 24.13214065 0 
201248032 67.90101895 0 
201248106 46.97696135 0 
201248155 34.75763865 0 
201248219 65.9189549 0 
201248234 50.73675295 0 
201248254 34.83937325 0 
201248289 62.8947747 0 
201248394 32.59167175 0 
201248429 2.3294361 0 
201248521 32.34646795 0 
201248545 28.2801716 0 
201248605 51.34976245 0 
201248647 4.6997395 0 
201248722 32.71427365 0 
201248886 51.2475942 0 
201248925 44.19798495 0 
201248973 60.2792675 0 
201248981 1.49165645 0 
201249024 48.9590254 0 
201249125 34.79850595 0 
201249199 56.04950195 0 
201249233 56.04950195 0 
201249247 61.11704715 0 
201249308 1.8390285 0 
201249311 67.6353815 0 
201249315 2.6155072 0 
201249344 32.75514095 0 
201249467 62.50653535 0 
201249524 48.3868832 0 
201249676 35.8814894 0 
201249722 3.37155225 0 
201249739 61.28051635 0 
201249840 1.69599295 0 
201249850 50.36894725 0 
201249898 60.8105424 0 
201249922 1.8390285 0 
201249966 68.92270145 0 
201250102 48.12124575 0 
201250118 57.8680968 0 
201250126 33.5520533 0 
201250153 68.88183415 0 
201250263 65.57158285 0 
201250306 59.0941158 0 
201250366 60.4018694 0 
201250368 43.3602053 0 
201250580 50.49154915 0 
201250674 67.3901777 0 
201250678 53.80180045 0 
201250742 0.8582133 0 
201250776 55.8655991 0 
201250782 42.9923996 0 
201250870 49.9398406 0 
201250907 32.87774285 0 
201250987 58.9715139 0 
201250998 43.99364845 0 
201251039 49.34726475 0 
201251134 34.51243485 0 
201251164 10.5846307 0 
201251225 47.0382623 0 
201251246 10.15552405 0 
201251324 33.94029265 0 
201251333 51.2475942 0 
201251371 61.19878175 0 
201251380 33.65422155 0 
201251467 2.7789764 0 
201251502 59.27801865 0 
201251568 31.97866225 0 
201251653 14.69179435 0 
201252056 3.65762335 0 
201252074 65.24464445 0 
201252103 32.4077689 0 
201252111 15.529574 0 
201252171 28.2801716 0 
201252196 49.2859638 0 
201252233 37.8022525 0 
201252355 49.2042292 0 
201252378 39.82518385 0 
201252406 56.74424605 0 
201252440 23.8665032 0 
201252475 1.226019 0 
201252476 33.36815045 0 
201252592 50.20547805 0 
201252730 11.8923843 0 
201252736 60.58577225 0 
201252831 23.11045815 0 
201252863 58.6854428 0 
201252869 53.4544284 0 
201253002 42.07288535 0 
201253025 5.90532485 0 
201253162 51.2067269 0 
201253219 30.83437785 0 
201253257 41.3577076 0 
201253326 59.257585 0 
201253515 50.8797885 0 
201253593 14.9982991 0 
201253640 52.310144 0 
201253643 56.37644035 0 
201253685 23.06959085 0 
201253686 63.77342165 0 
201253698 32.8573092 0 
201253829 65.4694146 0 
201253969 50.24634535 0 
201254054 65.44898095 0 
201254069 30.8956788 0 
201254192 33.3068495 0 
201254238 32.46906985 0 
201254320 52.82098525 0 
201254423 61.52572015 0 
201254473 34.6146031 0 
201254485 30.18050105 0 
201254570 35.41151545 0 
201254609 60.892277 0 
201254731 66.5319644 0 
201254755 34.0015936 0 
201254784 0.67431045 0 
201254853 32.18299875 0 
201254859 44.4636224 0 
201254860 51.02282405 0 
201254875 42.93109865 0 
201254931 33.0616457 0 
201254976 65.5102819 0 
201255009 54.98695215 0 
201255166 61.5870211 0 
201255172 17.79770915 0 
201255177 57.15291905 0 
201255240 63.73255435 0 
201255251 22.5996169 0 
201255260 34.18549645 0 
201255400 58.7263101 0 
201255539 64.38643115 0 
201255637 1.0625498 0 
201255660 64.83597145 0 
201255694 24.3977781 0 
201255735 65.6328838 0 
201255815 51.14542595 0 
201255863 19.02372815 0 
201255864 31.876494 0 
201255940 54.8439166 0 
201255972 32.8573092 0 
201256057 48.4686178 0 
201256072 61.40311825 0 
201256130 32.30560065 0 
201256357 33.00034475 0 
201256364 1.32818725 0 
201256431 63.77342165 0 
201256540 65.24464445 0 
201256600 58.9715139 0 
201256621 42.60416025 0 
201256624 34.1650628 0 
201256673 3.00374655 0 
201256817 2.0024977 0 
201256862 49.2042292 0 
201256883 64.75423685 0 
201256925 64.3659975 0 
201257026 58.1133006 0 
201257148 67.94188625 0 
201257192 66.4093625 0 
201257260 8.6638676 0 
201257347 64.0390591 0 
201257438 60.1566656 0 
201257461 44.89272905 0 
201257483 61.73005665 0 
201257559 55.15042135 0 
201257566 35.554551 0 
201257582 0.8582133 0 
201257643 33.8381244 0 
201257700 43.87104655 0 
201257727 59.9931964 0 
201257852 21.0466595 0 
201257950 16.36735365 0 
201257986 46.60915565 0 
201258065 50.4711155 0 
201258080 61.77092395 0 
201258171 25.1742568 0 
201258213 46.0983144 0 
201258215 51.6153999 0 
201258273 61.5870211 0 
201258303 31.93779495 0 
201258341 8.07129175 0 
201258410 33.2659822 0 
201258449 64.8564051 0 
201258500 52.8005516 0 
201258507 43.95278115 0 
201258542 48.7955562 0 
201258712 63.65081975 0 
201258722 33.1842476 0 
201258739 28.01453415 0 
201258842 54.1083052 0 
201258852 48.9181581 0 
201258958 53.59746395 0 
201258965 24.13214065 0 
201258976 58.5219736 0 
201259036 55.0073858 0 
201259151 64.570334 0 
201259188 54.00613695 0 
201259291 48.1825467 0 
201259307 61.97526045 0 
201259311 21.14882775 0 
201259312 49.04076 0 
201259343 54.5578455 0 
201259355 62.0774287 0 
201259415 52.718817 0 
201259444 1.1034171 0 
201259493 65.65331745 0 
201259679 66.2867606 0 
201259729 34.6554704 0 
201259754 1.8390285 0 
201259803 1.634692 0 
201259883 17.6138063 0 
201259938 34.0424609 0 
201259939 33.77682345 0 
201259962 55.7429972 0 
201260027 25.337726 0 
201260075 47.50823625 0 
201260140 34.2467974 0 
201260235 62.22046425 0 
201260284 54.94608485 0 
201260413 57.47985745 0 
201260589 56.70337875 0 
201260593 58.6854428 0 
201260636 34.18549645 0 
201260652 61.5461538 0 
201260662 32.5712381 0 
201260717 61.7913576 0 
201260801 63.65081975 0 
201260947 50.4302482 0 
201260990 49.79680505 0 
201261019 53.06618905 0 
201261109 63.0991112 0 
201261162 28.1167024 0 
201261194 58.70587645 0 
201261347 30.9774134 0 
201261407 59.9523291 0 
201261416 0.79691235 0 
201261516 59.93189545 0 
201261754 61.85265855 0 
201261779 60.99444525 0 
201261789 49.9807079 0 
201261804 48.632087 0 
201262098 66.10285775 0 
201262237 60.62663955 0 
201262251 56.1925375 0 
201262289 35.61585195 0 
201262355 60.62663955 0 
201262366 33.57248695 0 
201262449 45.9757125 0 
201262461 55.55909435 0 
201262469 49.06119365 0 
201262497 0.4495403 0 
201262557 67.4719123 0 
201262606 61.5052865 0 
201262689 57.5002911 0 
201262747 50.8797885 0 
201262859 29.73096075 0 
201262875 53.4544284 0 
201262949 49.7355041 0 
201263008 59.1349831 0 
201263014 62.87434105 0 
201263046 52.8005516 0 
201263191 33.57248695 0 
201263221 35.04370975 0 
201263320 32.10126415 0 
201263353 39.66171465 0 
201263403 9.37904535 0 
201263597 63.0173766 0 
201263800 33.69508885 0 
201263880 24.0708397 0 
201263889 34.43070025 0 
201263922 31.28391815 0 
201263935 47.79430735 0 
201263957 51.30889515 0 
201264044 49.9398406 0 
201264058 2.0024977 0 
201264103 61.6687557 0 
201264112 64.30469655 0 
201264115 7.29481305 0 
201264138 59.40062055 0 
201264164 31.4269537 0 
201264179 33.7563898 0 
201264207 33.40901775 0 
201264258 2.4929053 0 
201264302 25.7872663 0 
201264325 31.6312902 0 
201264346 35.1867453 0 
201264521 67.00193835 0 
201264546 49.67420315 0 
201264547 45.05619825 0 
201264581 34.0833282 0 
201264745 65.1833435 0 
201264770 35.00284245 0 
201264806 2.67680815 0 
201264903 1.6755593 0 
201264992 62.3634998 0 
201265055 51.901471 0 
201265072 30.241802 0 
201265102 50.69588565 0 
201265136 50.3893809 0 
201265393 64.63163495 0 
201265399 49.5720349 0 
201265483 52.2284094 0 
201265587 55.88603275 0 
201265590 5.0266779 0 
201265631 57.72506125 0 
201265634 50.9615231 0 
201265713 32.87774285 0 
201265717 63.40561595 0 
201265721 48.77512255 0 
201265757 32.7347073 0 
201265814 50.5119828 0 
201266025 31.467821 0 
201266052 48.3051486 0 
201266088 67.9214526 0 
201266374 57.60245935 0 
201266468 53.80180045 0 
201266618 67.1041066 0 
201266727 0.67431045 0 
201266772 48.7546889 0 
201266903 50.81848755 0 
201266976 50.3076463 0 
201266988 57.76592855 0 
201266994 56.70337875 0 
201267033 62.0365614 0 
201267101 31.9173613 0 
201267103 33.53161965 0 
201267238 58.848912 0 
201267253 28.30060525 0 
201267341 20.5971192 0 
201267581 61.52572015 0 
201267653 55.3751915 0 
201267664 69.7196138 0 
201267690 35.4319491 0 
201267918 1.7981612 0 
201268012 51.51323165 0 
201268019 32.18299875 0 
201268053 51.30889515 0 
201268111 35.0641434 0 
201268122 36.6579681 0 
201268248 57.27552095 0 
201268269 29.833129 0 
201268284 54.33307535 0 
201268307 58.1541679 0 
201268417 69.29050715 0 
201268460 31.16131625 0 
201268530 64.99944065 0 
201268546 60.29970115 0 
201268683 59.2167177 0 
201268724 51.79930275 0 
201268834 32.91861015 0 
201268977 30.0783328 0 
201268987 62.34306615 0 
201269015 1.3077536 0 
201269055 29.60835885 0 
201269078 5.1084125 0 
201269180 32.3669016 0 
201269216 33.65422155 0 
201269232 65.8780876 0 
201269236 1.5938247 0 
201269265 61.64832205 0 
201269306 64.67250225 0 
201269344 66.34806155 0 
201269363 38.2926601 0 
201269396 48.7546889 0 
201269438 57.9089641 0 
201269514 61.52572015 0 
201269521 47.2017315 0 
201269535 63.6712534 0 
201269559 63.1399785 0 
201269585 52.12624115 0 
201269591 4.4136684 0 
201269592 33.04121205 0 
201269605 45.91441155 0 
201269618 44.3410205 0 
201269867 30.58917405 0 
201269874 51.51323165 0 
201269879 49.06119365 0 
201269893 33.32728315 0 
201269896 55.84516545 0 
201270046 29.9557309 0 
201270095 65.73505205 0 
201270104 61.9548268 0 
201270140 55.10955405 0 
201270176 46.7930585 0 
201270260 66.30719425 0 
201270310 34.14462915 0 
201270334 32.1625651 0 
201270444 56.04950195 0 
201270464 55.15042135 0 
201270491 26.01203645 0 
201270565 48.97945905 0 
201270635 0.6130095 0 
201270658 38.0474563 0 
201270714 34.79850595 0 
201270736 33.2251149 0 
201270773 58.95108025 0 
201270778 1.61425835 0 
201270984 56.29470575 0 
201271106 11.8923843 0 
201271157 49.42899935 0 
201271189 33.919859 0 
201271197 61.11704715 0 
201271230 52.5553478 0 
201271295 35.04370975 0 
201271300 18.4311523 0 
201271315 29.73096075 0 
201271334 53.7813668 0 
201271355 39.17130705 0 
201271655 63.4669169 0 
201271768 61.89352585 0 
201271821 32.38733525 0 
201271917 66.9406374 0 
201272025 33.2251149 0 
201272045 55.51822705 0 
201272062 67.69668245 0 
201272167 31.48825465 0 
201272216 44.3410205 0 
201272222 12.73016395 0 
201272345 33.57248695 0 
201272368 48.20298035 0 
201272471 14.8348299 0 
201272536 31.1000153 0 
201272541 33.44988505 0 
201272569 60.3610021 0 
201272609 49.46986665 0 
201272670 57.97026505 0 
201272697 14.0583512 0 
201272772 18.94199355 0 
201272877 53.7404995 0 
201272921 12.1784554 0 
201272934 60.13623195 0 
201272964 61.44398555 0 
201272976 51.26802785 0 
201272989 14.85526355 0 
201272997 50.20547805 0 
201273103 41.4394422 0 
201273122 36.14712685 0 
201273268 1.9616304 0 
201273269 59.89102815 0 
201273299 25.43989425 0 
201273462 51.2067269 0 
201273726 63.69168705 0 
201273850 0.91951425 0 
201273907 56.5194759 0 
201273936 56.09036925 0 
201273937 61.60745475 0 
201273981 6.5796353 0 
201273986 67.6353815 0 
201273987 58.01113235 0 
201274018 49.34726475 0 
201274176 51.26802785 0 
201274384 47.7738737 0 
201274828 63.40561595 0 
201274915 49.14292825 0 
201274921 31.61085655 0 
201274959 9.5220809 0 
201275006 61.89352585 0 
201275184 1.49165645 0 
201275219 36.2084278 0 
201275303 50.8389212 0 
201275316 48.0599448 0 
201275368 7.9691235 0 
201275440 51.8606037 0 
201275488 32.4895035 0 
201275529 45.95527885 0 
201275645 16.1425835 0 
201275684 59.07368215 0 
201275753 30.4870058 0 
201275887 62.2408979 0 
201275920 47.406068 0 
201275953 55.4160588 0 
201275999 59.07368215 0 
201276142 46.2209163 0 
201276227 32.9799111 0 
201276277 19.3302329 0 
201276278 29.15881855 0 
201276307 48.36644955 0 
201276356 6.39573245 0 
201276503 30.8548115 0 
201276544 60.9740116 0 
201276566 59.07368215 0 
201276676 60.34056845 0 
201276706 51.88103735 0 
201276841 61.0148789 0 
201276842 37.2709776 0 
201276883 33.1842476 0 
201276886 49.3268311 0 
201276987 50.8389212 0 
201276990 61.1783481 0 
201277038 30.99784705 0 
201277067 1.8798958 0 
201277075 33.69508885 0 
201277107 21.02622585 0 
201277153 19.4119675 0 
201277419 49.96027425 0 
201277477 53.6996322 0 
201277494 34.06289455 0 
201277617 46.7521912 0 
201277641 24.1525743 0 
201277739 54.3943763 0 
201277782 56.49904225 0 
201277930 12.5053938 0 
201277992 48.7955562 0 
201277999 45.1174992 0 
201278022 52.65751605 0 
201278080 27.52412655 0 
201278184 49.46986665 0 
201278191 35.7997548 0 
201278318 49.63333585 0 
201278338 15.18220195 0 
201278460 49.6129022 0 
201278564 46.03701345 0 
201278595 28.34147255 0 
201278655 55.4160588 0 
201278662 48.3868832 0 
201278725 3.53502145 0 
201278845 49.8172387 0 
201278917 31.1817499 0 
201278944 57.23465365 0 
201278952 26.6863469 0 
201278995 64.2025283 0 
201279059 44.07538305 0 
201279061 34.83937325 0 
201279154 0.96038155 0 
201279375 31.7947594 0 
201279411 25.39902695 0 
201279482 58.6854428 0 
201279574 24.66341555 0 
201279599 56.8872816 0 
201279671 60.483604 0 
201279707 59.52322245 0 
201279762 24.8881857 0 
201279772 20.41321635 0 
201279841 52.00363925 0 
201280025 60.6879405 0 
201280188 31.0182807 0 
201280266 49.02032635 0 
201280267 40.84686635 0 
201280281 48.69338795 0 
201280312 54.94608485 0 
201280411 49.10206095 0 
201280482 54.8847839 0 
201280577 33.98115995 0 
201280771 30.6913423 0 
201280852 35.20717895 0 
201280870 45.6487741 0 
201280924 45.62834045 0 
201281436 67.5536469 0 
201281570 49.6946368 0 
201281720 32.83687555 0 
201281728 66.2867606 0 
201281761 35.3093472 0 
201281812 33.511186 0 
201281941 50.81848755 0 
201281980 34.4102666 0 
201282065 49.1224946 0 
201282085 63.24214675 0 
201282142 0.5312749 0 
201282160 46.20048265 0 
201282302 5.21058075 0 
201282333 2.2477015 0 
201282480 38.19049185 0 
201282597 50.40981455 0 
201282712 63.65081975 0 
201282806 65.9189549 0 
201282904 50.5119828 0 
201282967 58.0724333 0 
201283064 3.5145878 0 
201283162 58.29720345 0 
201283221 29.6287925 0 
201283224 64.50903305 0 
201283226 48.36644955 0 
201283289 40.3768924 0 
201283350 28.13713605 0 
201283364 20.08627795 0 
201283382 56.1925375 0 
201283422 50.9206558 0 
201283427 33.94029265 0 
201283482 50.20547805 0 
201283522 52.86185255 0 
201283540 45.34226935 0 
201283613 1.57339105 0 
201283631 24.6021146 0 
201283765 20.9649249 0 
201283944 48.32558225 0 
201283991 56.0290683 0 
201284091 17.4094698 0 
201284107 65.20377715 0 
201284116 56.8464143 0 
201284231 46.5478547 0 
201284276 44.15711765 0 
201284286 31.7130248 0 
201284389 31.07958165 0 
201284461 41.3985749 0 
201284522 60.8514097 0 
201284642 48.20298035 0 
201284824 44.19798495 0 
201284880 48.16211305 0 
201284959 49.75593775 0 
201285015 60.09536465 0 
201285108 51.6562672 0 
201285120 57.4594238 0 
201285151 58.29720345 0 
201285228 52.69838335 0 
201285393 65.2242108 0 
201285430 36.14712685 0 
201285445 60.1157983 0 
201285475 47.99864385 0 
201285561 57.7863622 0 
201285727 58.1950352 0 
201285801 46.48655375 0 
201285848 38.06788995 0 
201285871 62.17959695 0 
201285931 31.97866225 0 
201286038 31.7130248 0 
201286039 0.6538768 0 
201286107 48.3051486 0 
201286151 62.0774287 0 
201286168 43.1558688 0 
201286208 45.8531106 0 
201286354 22.33397945 0 
201286402 1.5529574 0 
201286524 60.42230305 0 
201286597 2.26813515 0 
201286615 15.529574 0 
201286627 51.63583355 0 
201286675 48.93859175 0 
201286803 58.46067265 0 
201286812 56.94858255 0 
201286827 46.65002295 0 
201286841 1.0625498 0 
201286870 39.25304165 0 
201286968 1.8390285 0 
201287064 49.2450965 0 
201287238 57.52072475 0 
201287317 51.59496625 0 
201287376 12.40322555 0 
201287495 51.2884615 0 
201287601 5.94619215 0 
201287630 15.0391664 0 
201287657 64.75423685 0 
201287666 45.0357646 0 
201287802 36.2084278 0 
201287819 21.659669 0 
201287856 65.5102819 0 
201287900 6.80440545 0 
201288053 47.5286699 0 
201288069 47.63083815 0 
201288076 29.97616455 0 
201288111 52.86185255 0 
201288189 54.8847839 0 
201288195 17.75684185 0 
201288286 32.59167175 0 
201288370 21.9866074 0 
201288426 55.4977934 0 
201288428 29.15881855 0 
201288507 60.892277 0 
201288524 43.33977165 0 
201288564 39.45737815 0 
201288571 55.7021299 0 
201288809 59.666258 0 
201288825 19.06459545 0 
201289010 23.72346765 0 
201289115 38.415262 0 
201289309 30.91611245 0 
201289324 39.4369445 0 
201289390 42.0524517 0 
201289473 48.40731685 0 
201289563 61.60745475 0 
201289623 0.46997395 0 
201289736 43.70757735 0 
201289860 31.85606035 0 
201289997 28.21887065 0 
201290012 53.96526965 0 
201290328 45.54660585 0 
201290406 61.81179125 0 
201290422 49.55160125 0 
201290481 58.7671774 0 
201290520 51.9423383 0 
201290615 19.59587035 0 
201290692 30.7322096 0 
201290978 65.36724635 0 
201290987 61.68918935 0 
201291076 61.3418173 0 
201291236 53.59746395 0 
201291257 48.52991875 0 
201291280 55.64082895 0 
201291307 49.55160125 0 
201291475 16.73515935 0 
201291477 1.53252375 0 
201291492 37.16880935 0 
201291512 44.6679589 0 
201291574 63.8347226 0 
201291590 38.3335274 0 
201291619 64.10036005 0 
201291708 47.4878026 0 
201291843 56.9690162 0 
201291855 52.16710845 0 
201291907 52.69838335 0 
201291936 54.1491725 0 
201291975 63.24214675 0 
201292159 28.66841095 0 
201292299 26.46157675 0 
201292464 28.46407445 0 
201292647 57.31638825 0 
201292732 54.5578455 0 
201292811 10.4211615 0 
201292816 48.4686178 0 
201292886 55.8655991 0 
201292889 41.7255133 0 
201293304 32.2034324 0 
201293347 55.23215595 0 
201293402 36.22886145 0 
201293572 38.3743947 0 
201293782 42.31808915 0 
201293791 31.81519305 0 
201293893 28.75014555 0 
201293896 29.833129 0 
201293919 46.1391817 0 
201293963 48.223414 0 
201294005 58.13373425 0 
201294192 64.54990035 0 
201294379 50.61415105 0 
201294497 39.98865305 0 
201294572 54.04700425 0 
201294887 50.32807995 0 
201295097 0.4495403 0 
201295123 49.2859638 0 
201295161 48.8772908 0 
201295200 60.1157983 0 
201295219 50.1850444 0 
201295312 38.51743025 0 
201295365 42.7471958 0 
201295378 53.72006585 0 
201295399 50.85935485 0 
201295538 2.2068342 0 
201295580 37.70008425 0 
201295691 52.5144805 0 
201295973 55.7429972 0 
201295989 38.72176675 0 
201295995 7.74435335 0 
201296097 65.2242108 0 
201296128 51.1658596 0 
201296152 47.87604195 0 
201296240 37.6796506 0 
201296435 36.4944989 0 
201296489 62.526969 0 
201296534 58.5219736 0 
201296585 15.63174225 0 
201296637 58.50153995 0 
201296683 31.2226172 0 
201296876 47.05869595 0 
201296951 64.3251302 0 
201296982 49.8989733 0 
201296986 46.73175755 0 
201296996 63.344315 0 
201297167 0.83777965 0 
201297238 38.5378639 0 
201297345 53.43399475 0 
201297568 1.36905455 0 
201297635 43.9323475 0 
201297886 61.11704715 0 
201298032 54.2717744 0 
201298132 11.62674685 0 
201298276 54.1900398 0 
201298291 27.7080294 0 
201298329 56.4377413 0 
201298354 44.11625035 0 
201298417 8.1325927 0 
201298428 5.0266779 0 
201298654 33.7563898 0 
201298776 27.64672845 0 
201298879 41.9707171 0 
201299017 51.3701961 0 
201299034 56.3151394 0 
201299050 49.9807079 0 
201299075 33.04121205 0 
201299087 48.85685715 0 
201299200 48.36644955 0 
201299484 45.34226935 0 
201299489 50.94108945 0 
201299683 60.01363005 0 
201299807 63.0582439 0 
201299835 1.85946215 0 
201299956 60.7696751 0 
